29	5	180	0	0
512.103	512.103	0		
1	218	382	12	
2	218	358	124	
3	201	370	5	
4	214	371	4	
5	224	370	8	
6	210	382	6	
7	104	354	6	
8	126	338	18	
9	119	340	12	
10	129	349	4	
11	126	347	38	
12	125	346	5	
13	116	355	6	
14	126	335	6	
15	125	355	22	
16	119	357	6	
17	115	341	4	
18	153	351	6	
19	175	363	16	
20	180	360	12	
21	159	331	60	
22	188	357	4	
23	152	349	12	
24	215	389	20	
25	212	394	32	
26	188	393	12	
27	207	406	4	
28	184	410	6	
29	207	392	40	
30	203	398	50	510	4
31	107	361	50	510	4
32	197	354	50	510	4
33	189	383	50	510	4
34	159	377	50	510	4
