32	5	800	0	0
562.2	562.22	0		
1	298	427	70	
2	309	445	40	
3	307	464	40	
4	336	475	120	
5	320	439	4	
6	321	437	8	
7	322	437	200	
8	323	433	90	
9	324	433	60	
10	323	429	75	
11	314	435	150	
12	311	442	15	
13	304	427	25	
14	293	421	160	
15	296	418	45	
16	261	384	70	
17	297	410	55	
18	315	407	65	
19	314	406	20	
20	321	391	40	
21	321	398	30	
22	314	394	130	
23	313	378	70	
24	304	382	75	
25	295	402	140	
26	283	406	400	
27	279	399	60	
28	271	401	100	
29	264	414	50	
30	277	439	250	
31	290	434	170	
32	319	433	110	
33	264	435	50	2937	5
34	323	413	50	2937	5
35	285	427	50	2937	5
36	278	424	50	2937	5
37	266	422	50	2937	5
