36	5	10	0	0
460.4	460.37	0		
1	20	20	1	
2	20	30	1	
3	20	40	1	
4	20	50	1	
5	20	60	1	
6	20	70	1	
7	30	20	1	
8	30	30	1	
9	30	40	1	
10	30	50	1	
11	30	60	1	
12	30	70	1	
13	40	20	1	
14	40	30	1	
15	40	40	1	
16	40	50	1	
17	40	60	1	
18	40	70	1	
19	50	20	1	
20	50	30	1	
21	50	40	1	
22	50	50	1	
23	50	60	1	
24	50	70	1	
25	60	20	1	
26	60	30	1	
27	60	40	1	
28	60	50	1	
29	60	60	1	
30	60	70	1	
31	70	20	1	
32	70	30	1	
33	70	40	1	
34	70	50	1	
35	70	60	1	
36	70	70	1	
37	30	46	50	36	36
38	37	39	50	36	36
39	23	43	50	36	36
40	56	38	50	36	36
41	42	43	50	36	36
