27	5	250	0	0
3062	3062.02	0		
1	3873	1165	55	
2	3915	1225	81	
3	3928	1274	21	
4	4145	1176	21	
5	4163	1214	35	
6	4170	1206	20	
7	3926	1274	35	
8	3926	1275	20	
9	3983	1167	31	
10	3965	1169	50	
11	3966	1150	43	
12	4266	1261	30	
13	4263	1259	25	
14	4242	1226	25	
15	4211	1249	30	
16	4234	1120	29	
17	4233	1121	35	
18	4376	1358	50	
19	4348	1327	12	
20	4364	1276	15	
21	4551	1240	41	
22	4329	876	25	
23	4329	863	38	
24	4268	1053	10	
25	4129	1002	13	
26	4004	1095	20	
27	3995	1048	31	
28	4033	1316	272	841	4
29	4121	1250	272	841	4
30	3953	1207	272	841	4
31	3993	1054	272	841	4
32	4525	926	272	841	4
