100	20	150	100	0
0	0	0
1	531	827	11
2	313	23	12
3	120	889	16
4	80	913	11
5	579	785	20
6	869	633	10
7	850	484	14
8	396	661	19
9	9	119	19
10	680	378	18
11	573	336	12
12	249	743	18
13	388	822	12
14	110	527	18
15	41	222	11
16	625	940	16
17	506	359	11
18	331	210	13
19	996	183	10
20	18	125	20
21	95	341	17
22	490	660	17
23	938	41	16
24	235	687	17
25	929	161	13
26	148	126	12
27	324	638	20
28	814	387	12
29	658	360	16
30	653	177	16
31	750	83	12
32	566	812	19
33	785	910	11
34	821	819	13
35	450	764	10
36	46	353	16
37	43	574	12
38	483	170	18
39	130	182	17
40	807	657	13
41	258	684	16
42	256	336	13
43	163	602	16
44	953	476	19
45	677	557	12
46	826	964	19
47	930	387	14
48	678	954	20
49	637	660	15
50	934	276	11
51	738	273	11
52	232	963	19
53	619	716	13
54	417	295	13
55	181	571	13
56	830	938	19
57	130	141	16
58	619	689	15
59	292	316	14
60	871	992	17
61	240	709	10
62	848	879	18
63	882	624	14
64	762	694	18
65	495	812	16
66	949	659	16
67	695	683	19
68	921	305	12
69	420	47	15
70	616	995	15
71	872	348	20
72	864	437	12
73	886	400	17
74	556	600	15
75	434	103	16
76	74	656	14
77	834	748	15
78	580	21	19
79	696	953	18
80	404	599	20
81	112	135	10
82	320	756	17
83	286	62	12
84	890	453	17
85	365	794	18
86	892	876	16
87	301	470	10
88	207	344	12
89	951	18	20
90	84	908	19
91	373	524	15
92	293	552	16
93	698	312	17
94	794	824	19
95	564	354	12
96	193	261	11
97	368	379	19
98	812	929	15
99	66	711	12
100	200	737	20
101	6	439	1000	3038	100
102	323	398	1000	3038	100
103	221	570	1000	3038	100
104	690	548	1000	3038	100
105	737	174	1000	3038	100
106	29	538	1000	3038	100
107	618	494	1000	3038	100
108	652	966	1000	3038	100
109	282	245	1000	3038	100
110	909	578	1000	3038	100
111	460	136	1000	3038	100
112	382	537	1000	3038	100
113	239	511	1000	3038	100
114	442	31	1000	3038	100
115	880	180	1000	3038	100
116	232	34	1000	3038	100
117	697	161	1000	3038	100
118	107	939	1000	3038	100
119	356	672	1000	3038	100
120	446	1	1000	3038	100
