100	10	150	100	0	
0	13948.0	0			
1	468	838	14		
2	657	234	16		
3	325	774	17		
4	439	282	14		
5	211	253	11		
6	604	322	14		
7	162	394	13		
8	251	136	14		
9	433	21	17		
10	700	718	15		
11	902	13	12		
12	810	334	17		
13	849	166	12		
14	194	404	16		
15	524	269	15		
16	193	216	10		
17	415	913	18		
18	432	864	17		
19	481	839	10		
20	866	936	11		
21	665	18	17		
22	975	408	10		
23	457	281	13		
24	979	191	11		
25	782	182	13		
26	745	876	14		
27	305	235	10		
28	704	757	12		
29	648	217	17		
30	613	318	18		
31	281	866	13		
32	926	368	20		
33	526	734	17		
34	316	860	10		
35	695	748	10		
36	468	756	20		
37	283	296	14		
38	393	39	12		
39	668	595	17		
40	364	466	19		
41	393	128	13		
42	574	527	16		
43	123	596	15		
44	562	872	19		
45	242	130	11		
46	18	57	16		
47	783	394	10		
48	213	714	16		
49	962	469	12		
50	29	532	11		
51	87	499	17		
52	824	571	12		
53	885	188	16		
54	88	762	10		
55	776	869	17		
56	749	881	11		
57	395	466	11		
58	370	768	15		
59	92	631	19		
60	242	205	18		
61	862	1000	20		
62	887	735	17		
63	586	344	10		
64	989	440	16		
65	556	460	13		
66	43	710	10		
67	107	66	13		
68	683	75	10		
69	758	802	18		
70	670	995	12		
71	940	660	17		
72	811	714	18		
73	832	376	14		
74	129	806	15		
75	589	945	17		
76	737	979	16		
77	389	188	16		
78	30	747	12		
79	321	834	20		
80	895	502	17		
81	408	491	10		
82	937	952	13		
83	329	755	17		
84	170	31	20		
85	979	382	14		
86	656	35	19		
87	919	926	11		
88	437	838	13		
89	681	593	20		
90	807	671	10		
91	320	674	13		
92	911	125	13		
93	959	717	11		
94	594	107	10		
95	45	90	10		
96	91	275	19		
97	618	477	12		
98	824	479	14		
99	213	759	19		
100	915	935	15		
101	491	958	1000	2878	100
102	546	314	1000	2878	100
103	238	354	1000	2878	100
104	224	151	1000	2878	100
105	844	103	1000	2878	100
106	88	718	1000	2878	100
107	823	403	1000	2878	100
108	370	816	1000	2878	100
109	811	594	1000	2878	100
110	36	967	1000	2878	100
