100	10	150	100	0	
0	14676.8	0			
1	343	859	10		
2	347	655	13		
3	735	545	19		
4	156	20	18		
5	474	188	16		
6	75	700	20		
7	787	214	11		
8	960	86	15		
9	280	825	13		
10	738	400	10		
11	560	366	14		
12	931	517	14		
13	772	854	12		
14	362	158	12		
15	488	363	13		
16	329	769	20		
17	232	21	11		
18	635	172	13		
19	452	150	19		
20	561	557	16		
21	805	370	16		
22	946	904	17		
23	494	761	20		
24	465	199	20		
25	488	223	14		
26	939	376	18		
27	265	431	10		
28	484	498	11		
29	629	931	17		
30	534	600	11		
31	341	431	16		
32	645	482	20		
33	6	381	18		
34	308	943	16		
35	186	716	20		
36	311	561	16		
37	762	742	19		
38	213	776	20		
39	743	422	16		
40	478	83	19		
41	665	14	18		
42	209	911	10		
43	43	584	12		
44	780	662	20		
45	372	274	10		
46	403	243	20		
47	488	408	13		
48	282	235	19		
49	612	86	15		
50	219	44	11		
51	786	951	17		
52	8	788	10		
53	416	131	11		
54	432	696	14		
55	966	467	14		
56	588	768	17		
57	925	115	14		
58	870	927	15		
59	693	259	17		
60	985	630	10		
61	105	580	19		
62	966	446	15		
63	995	783	11		
64	442	932	11		
65	678	756	18		
66	231	812	10		
67	932	831	10		
68	208	614	18		
69	434	312	13		
70	777	996	16		
71	77	284	12		
72	707	267	19		
73	725	327	20		
74	273	218	13		
75	900	630	19		
76	61	627	20		
77	500	67	20		
78	929	199	19		
79	570	598	14		
80	876	308	11		
81	1	202	10		
82	171	346	16		
83	416	142	16		
84	729	188	15		
85	208	559	17		
86	185	353	14		
87	156	839	14		
88	897	827	16		
89	142	742	19		
90	251	197	15		
91	214	974	19		
92	149	270	17		
93	480	528	19		
94	195	674	15		
95	7	562	17		
96	885	304	13		
97	119	673	10		
98	846	578	11		
99	508	854	10		
100	345	330	16		
101	460	996	1000	3034	100
102	992	144	1000	3034	100
103	272	921	1000	3034	100
104	292	357	1000	3034	100
105	58	961	1000	3034	100
106	206	77	1000	3034	100
107	233	222	1000	3034	100
108	806	517	1000	3034	100
109	867	291	1000	3034	100
110	289	746	1000	3034	100
