100	20	150	100	0
0	0	0
1	406	848	17
2	2	444	20
3	530	660	18
4	798	651	16
5	843	720	14
6	339	11	17
7	475	304	12
8	105	611	20
9	857	923	15
10	719	59	13
11	231	689	13
12	370	926	16
13	310	510	12
14	278	281	14
15	6	316	19
16	761	493	15
17	324	467	15
18	534	518	20
19	967	494	20
20	713	747	14
21	235	694	16
22	461	156	13
23	976	521	11
24	722	695	15
25	635	202	14
26	342	626	16
27	285	833	10
28	594	128	11
29	639	74	17
30	574	459	20
31	811	649	15
32	285	925	20
33	266	557	12
34	812	902	19
35	941	732	20
36	889	159	12
37	522	19	16
38	303	907	16
39	205	9	16
40	921	275	14
41	529	571	10
42	892	719	19
43	83	590	14
44	171	267	20
45	807	702	11
46	210	150	12
47	636	401	17
48	748	475	12
49	287	277	19
50	124	788	11
51	436	725	11
52	416	179	17
53	150	660	19
54	760	229	17
55	371	168	10
56	669	824	14
57	660	791	18
58	120	848	15
59	893	945	13
60	613	417	20
61	483	290	20
62	927	591	16
63	290	63	16
64	215	186	14
65	617	108	10
66	137	761	16
67	520	448	17
68	446	844	20
69	96	557	10
70	723	996	20
71	9	972	15
72	759	990	13
73	778	351	12
74	701	12	14
75	745	788	18
76	399	303	18
77	945	627	18
78	480	473	15
79	945	716	12
80	386	405	14
81	705	846	10
82	554	149	20
83	373	448	11
84	449	610	12
85	594	971	10
86	421	194	11
87	537	382	12
88	667	332	15
89	411	168	20
90	529	434	13
91	267	824	10
92	530	697	10
93	219	122	15
94	395	391	13
95	526	826	19
96	988	290	16
97	869	575	16
98	835	28	13
99	361	806	14
100	630	133	10
101	975	477	1000	3000	100
102	769	229	1000	3000	100
103	255	137	1000	3000	100
104	758	754	1000	3000	100
105	951	32	1000	3000	100
106	147	897	1000	3000	100
107	28	313	1000	3000	100
108	88	667	1000	3000	100
109	339	943	1000	3000	100
110	162	356	1000	3000	100
111	829	665	1000	3000	100
112	881	351	1000	3000	100
113	513	904	1000	3000	100
114	389	27	1000	3000	100
115	46	370	1000	3000	100
116	871	61	1000	3000	100
117	552	657	1000	3000	100
118	124	825	1000	3000	100
119	858	196	1000	3000	100
120	968	850	1000	3000	100
