100	20	150	100	0
0	0	0
1	153	326	12
2	169	223	13
3	252	375	16
4	245	318	16
5	239	383	18
6	225	269	15
7	182	318	11
8	96	259	13
9	202	215	11
10	159	308	19
11	170	348	14
12	96	233	14
13	99	275	10
14	238	365	11
15	118	375	14
16	196	224	19
17	190	323	14
18	246	355	15
19	204	309	20
20	209	363	17
21	107	259	17
22	210	304	10
23	107	346	14
24	115	284	12
25	136	258	13
26	250	335	14
27	255	355	13
28	200	323	19
29	258	236	12
30	194	357	18
31	200	359	13
32	207	295	11
33	869	288	17
34	859	420	13
35	862	444	12
36	833	374	19
37	814	398	13
38	899	444	19
39	839	330	20
40	850	363	11
41	896	346	12
42	787	284	11
43	843	364	17
44	803	367	18
45	899	332	20
46	815	370	11
47	784	333	16
48	805	424	17
49	833	370	10
50	885	400	13
51	815	413	12
52	806	300	12
53	770	286	16
54	887	381	17
55	805	289	17
56	751	340	13
57	765	404	17
58	836	393	14
59	820	285	18
60	870	422	19
61	864	317	11
62	779	373	17
63	820	282	18
64	767	425	12
65	780	285	17
66	924	525	19
67	964	529	17
68	993	558	19
69	999	653	20
70	999	586	10
71	969	618	10
72	999	647	15
73	927	546	16
74	981	589	13
75	999	673	15
76	999	660	15
77	999	532	17
78	957	646	11
79	931	669	20
80	984	657	13
81	949	656	19
82	999	562	12
83	971	517	20
84	999	546	10
85	999	613	11
86	999	654	14
87	953	626	10
88	999	615	19
89	999	623	18
90	978	617	10
91	942	575	13
92	999	645	14
93	999	594	18
94	997	571	11
95	999	673	14
96	999	554	16
97	970	526	11
98	999	672	13
99	999	639	15
100	999	661	18
101	821	798	1000	2946	100
102	856	779	1000	2946	100
103	563	169	1000	2946	100
104	850	402	1000	2946	100
105	21	724	1000	2946	100
106	78	384	1000	2946	100
107	909	691	1000	2946	100
108	726	549	1000	2946	100
109	38	548	1000	2946	100
110	799	955	1000	2946	100
111	982	987	1000	2946	100
112	170	72	1000	2946	100
113	167	351	1000	2946	100
114	622	403	1000	2946	100
115	305	269	1000	2946	100
116	360	731	1000	2946	100
117	787	190	1000	2946	100
118	601	604	1000	2946	100
119	384	944	1000	2946	100
120	347	700	1000	2946	100
