100	10	150	100	0	
0	11671.6	0			
1	812	915	20		
2	3	721	11		
3	544	948	19		
4	318	134	12		
5	944	538	20		
6	574	541	18		
7	186	586	11		
8	217	661	15		
9	37	244	10		
10	659	688	11		
11	151	926	18		
12	478	25	18		
13	650	559	14		
14	174	57	18		
15	663	597	13		
16	814	232	13		
17	809	173	20		
18	773	235	20		
19	833	144	13		
20	876	216	16		
21	857	229	14		
22	750	157	10		
23	742	239	19		
24	783	203	17		
25	725	304	16		
26	721	259	11		
27	805	263	13		
28	724	182	10		
29	770	179	14		
30	762	151	18		
31	733	200	18		
32	853	179	19		
33	853	252	10		
34	883	283	18		
35	865	243	18		
36	770	246	12		
37	851	187	12		
38	865	165	18		
39	760	306	13		
40	743	179	19		
41	823	203	10		
42	165	135	17		
43	145	38	14		
44	60	50	10		
45	28	79	17		
46	142	170	20		
47	0	92	17		
48	2	136	20		
49	56	86	15		
50	37	154	20		
51	138	126	15		
52	41	183	11		
53	167	175	20		
54	136	175	19		
55	100	110	20		
56	0	111	19		
57	129	132	11		
58	67	165	15		
59	0	56	13		
60	151	118	12		
61	159	100	19		
62	23	173	11		
63	100	74	17		
64	46	52	20		
65	87	39	16		
66	45	122	15		
67	167	164	12		
68	0	184	13		
69	22	188	16		
70	68	195	15		
71	353	263	12		
72	365	240	10		
73	361	214	20		
74	359	204	19		
75	320	350	14		
76	428	333	12		
77	443	313	13		
78	404	233	19		
79	371	297	10		
80	459	321	10		
81	343	214	16		
82	432	310	17		
83	310	361	20		
84	455	230	13		
85	384	254	16		
86	333	265	15		
87	372	308	13		
88	477	267	15		
89	464	363	17		
90	401	206	17		
91	414	243	14		
92	350	212	15		
93	356	330	20		
94	373	350	11		
95	422	275	15		
96	401	333	12		
97	463	278	18		
98	475	317	11		
99	442	290	20		
100	373	211	16		
101	245	970	1000	3056	100
102	359	413	1000	3056	100
103	585	934	1000	3056	100
104	115	754	1000	3056	100
105	896	782	1000	3056	100
106	189	276	1000	3056	100
107	871	132	1000	3056	100
108	630	102	1000	3056	100
109	815	469	1000	3056	100
110	33	297	1000	3056	100
