100	20	150	100	0
0	0	0
1	601	710	12
2	118	362	10
3	176	316	20
4	850	398	12
5	255	226	12
6	664	686	13
7	711	162	17
8	315	642	19
9	696	915	17
10	983	128	12
11	560	465	15
12	134	941	18
13	773	76	10
14	127	488	10
15	387	689	19
16	251	129	12
17	902	26	18
18	873	403	20
19	957	327	13
20	814	393	16
21	883	367	12
22	903	276	20
23	806	402	18
24	894	300	11
25	862	243	19
26	897	354	11
27	897	364	20
28	941	357	19
29	875	384	10
30	906	290	18
31	831	381	13
32	913	403	12
33	923	272	18
34	880	335	19
35	808	352	18
36	860	247	12
37	847	357	16
38	792	408	11
39	924	345	16
40	950	279	12
41	892	364	10
42	904	332	11
43	857	313	10
44	920	276	18
45	362	693	20
46	294	651	15
47	419	529	14
48	429	531	13
49	416	538	16
50	421	535	16
51	349	694	13
52	455	694	11
53	296	626	10
54	372	543	13
55	378	642	11
56	406	545	11
57	385	695	16
58	309	656	10
59	316	605	15
60	319	576	20
61	322	587	11
62	376	654	14
63	383	673	12
64	445	591	12
65	419	651	17
66	380	611	14
67	459	650	10
68	412	690	11
69	440	694	13
70	364	594	13
71	319	544	15
72	359	652	10
73	288	648	13
74	881	672	14
75	815	668	11
76	920	685	16
77	856	610	10
78	845	629	18
79	900	652	20
80	834	618	10
81	890	658	14
82	879	606	19
83	879	724	12
84	844	679	20
85	933	705	14
86	849	677	17
87	821	604	16
88	853	625	11
89	869	628	18
90	827	699	10
91	935	664	19
92	823	745	10
93	814	731	14
94	926	728	19
95	889	728	16
96	842	685	12
97	878	666	10
98	915	683	16
99	865	714	13
100	930	650	15
101	317	912	1000	2864	100
102	180	208	1000	2864	100
103	675	215	1000	2864	100
104	264	226	1000	2864	100
105	548	655	1000	2864	100
106	800	92	1000	2864	100
107	607	883	1000	2864	100
108	723	965	1000	2864	100
109	118	496	1000	2864	100
110	34	714	1000	2864	100
111	989	594	1000	2864	100
112	8	842	1000	2864	100
113	666	90	1000	2864	100
114	53	853	1000	2864	100
115	147	925	1000	2864	100
116	153	292	1000	2864	100
117	398	245	1000	2864	100
118	929	172	1000	2864	100
119	445	619	1000	2864	100
120	566	730	1000	2864	100
