100	10	150	100	0	
0	7916.6	0			
1	344	420	14		
2	444	538	20		
3	370	534	10		
4	402	577	13		
5	435	563	14		
6	345	547	20		
7	376	527	12		
8	366	520	11		
9	357	517	14		
10	472	420	13		
11	441	567	13		
12	459	522	19		
13	318	578	18		
14	323	554	12		
15	425	424	15		
16	347	513	12		
17	342	501	16		
18	424	486	19		
19	358	425	14		
20	376	485	16		
21	360	420	11		
22	335	483	18		
23	321	481	18		
24	456	485	16		
25	450	444	11		
26	352	538	11		
27	441	552	16		
28	435	447	17		
29	431	503	17		
30	328	517	19		
31	380	477	18		
32	424	542	15		
33	445	554	16		
34	329	475	10		
35	416	756	17		
36	482	689	13		
37	359	813	19		
38	380	718	15		
39	450	715	20		
40	426	688	15		
41	369	836	10		
42	464	709	16		
43	437	730	17		
44	382	679	15		
45	435	781	13		
46	359	778	11		
47	406	785	11		
48	422	745	18		
49	342	808	16		
50	371	735	11		
51	474	735	12		
52	435	678	12		
53	337	724	11		
54	347	730	18		
55	397	820	13		
56	383	797	14		
57	380	731	11		
58	464	792	17		
59	373	799	16		
60	399	680	17		
61	398	720	14		
62	469	782	17		
63	406	745	17		
64	411	776	15		
65	491	736	17		
66	454	745	13		
67	491	781	19		
68	390	670	10		
69	424	674	20		
70	400	811	10		
71	995	895	17		
72	999	909	10		
73	970	920	17		
74	999	999	20		
75	949	999	19		
76	999	919	20		
77	907	962	18		
78	924	907	17		
79	999	889	18		
80	999	971	10		
81	901	984	11		
82	965	958	11		
83	913	970	16		
84	999	999	16		
85	946	999	11		
86	999	972	19		
87	908	956	19		
88	999	999	18		
89	912	948	19		
90	999	901	15		
91	921	967	13		
92	933	987	16		
93	910	999	19		
94	944	988	17		
95	994	890	17		
96	920	919	11		
97	930	937	12		
98	993	931	10		
99	926	999	18		
100	953	971	14		
101	388	853	1000	3012	100
102	0	3	1000	3012	100
103	766	497	1000	3012	100
104	414	697	1000	3012	100
105	199	529	1000	3012	100
106	410	908	1000	3012	100
107	342	633	1000	3012	100
108	816	828	1000	3012	100
109	422	523	1000	3012	100
110	36	131	1000	3012	100
