100	20	150	100	0
0	0	0
1	805	210	19
2	901	592	16
3	912	507	12
4	922	535	10
5	999	543	11
6	999	530	13
7	983	586	14
8	999	562	20
9	897	553	16
10	904	518	18
11	964	484	16
12	999	471	14
13	993	492	12
14	999	530	11
15	999	475	16
16	999	492	19
17	981	532	15
18	999	541	13
19	627	758	20
20	699	734	17
21	744	769	18
22	628	784	10
23	725	812	11
24	667	818	19
25	678	849	13
26	617	787	17
27	721	812	15
28	658	835	15
29	654	834	15
30	676	784	13
31	730	810	18
32	628	736	12
33	717	746	19
34	640	831	11
35	728	766	16
36	636	742	10
37	629	815	20
38	718	784	13
39	698	730	20
40	653	740	18
41	941	234	16
42	956	273	20
43	999	225	15
44	938	243	15
45	942	346	17
46	974	286	10
47	925	286	13
48	999	225	19
49	987	276	18
50	936	283	17
51	965	221	12
52	985	302	13
53	919	339	20
54	999	340	19
55	951	255	10
56	964	291	18
57	916	253	10
58	999	347	19
59	999	221	19
60	996	246	12
61	946	273	14
62	85	672	20
63	217	691	10
64	197	685	10
65	114	690	14
66	163	778	18
67	211	673	16
68	132	752	19
69	92	700	14
70	115	779	10
71	112	741	11
72	204	712	12
73	134	747	10
74	123	699	11
75	108	773	11
76	153	735	17
77	194	708	10
78	95	752	19
79	165	695	10
80	193	697	20
81	378	83	15
82	430	149	15
83	365	88	16
84	452	124	11
85	331	94	13
86	397	138	15
87	384	44	10
88	341	91	10
89	401	139	13
90	393	161	14
91	366	106	17
92	343	142	19
93	383	163	18
94	396	71	16
95	414	95	11
96	419	117	20
97	398	115	12
98	406	89	19
99	373	48	11
100	455	161	10
101	455	895	1000	2956	100
102	464	987	1000	2956	100
103	20	385	1000	2956	100
104	282	143	1000	2956	100
105	940	656	1000	2956	100
106	46	216	1000	2956	100
107	418	678	1000	2956	100
108	930	278	1000	2956	100
109	179	37	1000	2956	100
110	394	346	1000	2956	100
111	573	360	1000	2956	100
112	608	225	1000	2956	100
113	284	703	1000	2956	100
114	501	227	1000	2956	100
115	913	576	1000	2956	100
116	20	372	1000	2956	100
117	219	153	1000	2956	100
118	285	867	1000	2956	100
119	250	102	1000	2956	100
120	777	47	1000	2956	100
