100	20	150	100	0
0	0	0
1	576	927	19
2	700	790	12
3	980	458	15
4	500	978	15
5	24	267	17
6	810	467	20
7	708	564	18
8	333	599	19
9	276	885	12
10	195	619	10
11	757	604	20
12	264	147	18
13	938	216	15
14	282	54	15
15	35	725	16
16	286	86	14
17	218	958	17
18	221	945	20
19	206	978	20
20	263	971	12
21	272	976	17
22	188	943	10
23	267	926	16
24	190	931	20
25	205	963	11
26	212	987	13
27	227	943	18
28	234	922	14
29	246	913	16
30	313	981	14
31	259	998	19
32	298	937	16
33	308	948	10
34	214	870	15
35	987	900	20
36	999	897	11
37	896	885	14
38	917	892	16
39	978	878	13
40	906	876	10
41	909	928	14
42	947	947	20
43	939	901	16
44	945	930	19
45	999	887	18
46	992	924	14
47	999	929	15
48	934	841	11
49	999	890	20
50	959	920	13
51	997	880	17
52	238	490	15
53	241	540	20
54	270	560	19
55	308	542	13
56	342	556	14
57	312	562	10
58	253	528	12
59	242	491	19
60	336	526	10
61	260	504	12
62	264	521	16
63	305	526	10
64	282	514	14
65	345	536	15
66	511	138	10
67	480	127	17
68	456	178	16
69	414	124	11
70	502	178	11
71	422	229	20
72	496	238	13
73	496	172	14
74	431	155	11
75	407	194	15
76	484	114	18
77	528	139	15
78	539	202	14
79	442	152	15
80	531	190	14
81	505	222	16
82	458	187	17
83	547	777	12
84	587	762	17
85	519	702	17
86	621	817	11
87	520	775	13
88	629	793	20
89	527	800	19
90	609	784	11
91	588	709	19
92	560	806	15
93	577	729	20
94	524	694	11
95	632	771	16
96	541	706	17
97	606	704	15
98	519	779	14
99	559	728	10
100	635	794	13
101	862	112	1000	3020	100
102	152	148	1000	3020	100
103	243	355	1000	3020	100
104	549	884	1000	3020	100
105	96	417	1000	3020	100
106	333	603	1000	3020	100
107	42	382	1000	3020	100
108	609	317	1000	3020	100
109	956	132	1000	3020	100
110	674	55	1000	3020	100
111	281	849	1000	3020	100
112	98	882	1000	3020	100
113	456	247	1000	3020	100
114	322	217	1000	3020	100
115	644	209	1000	3020	100
116	757	590	1000	3020	100
117	202	158	1000	3020	100
118	283	426	1000	3020	100
119	486	939	1000	3020	100
120	393	93	1000	3020	100
