100	10	150	100	0	
0	9022.6	0			
1	667	523	15		
2	692	598	10		
3	732	591	15		
4	638	557	11		
5	668	507	19		
6	731	574	10		
7	756	538	18		
8	703	545	18		
9	704	523	16		
10	678	571	15		
11	675	591	14		
12	743	588	12		
13	624	521	16		
14	687	585	14		
15	708	582	12		
16	703	513	13		
17	684	516	13		
18	704	514	19		
19	680	542	12		
20	672	506	20		
21	645	630	17		
22	68	963	16		
23	11	979	15		
24	57	998	15		
25	0	999	16		
26	0	906	15		
27	32	908	12		
28	73	982	20		
29	0	948	14		
30	22	999	19		
31	68	914	20		
32	22	950	16		
33	20	916	10		
34	0	950	13		
35	0	999	16		
36	84	942	17		
37	29	905	11		
38	84	961	13		
39	37	994	16		
40	291	999	14		
41	330	943	17		
42	245	930	15		
43	310	934	16		
44	338	906	16		
45	340	996	11		
46	301	990	16		
47	249	896	12		
48	310	947	10		
49	290	931	11		
50	362	943	16		
51	263	987	17		
52	261	931	16		
53	313	999	15		
54	336	971	15		
55	364	999	20		
56	324	918	20		
57	309	903	10		
58	283	933	14		
59	286	999	18		
60	246	973	11		
61	369	901	18		
62	831	227	10		
63	719	205	10		
64	765	209	12		
65	774	248	19		
66	719	220	15		
67	725	233	17		
68	749	301	11		
69	788	232	12		
70	823	218	12		
71	802	304	13		
72	735	179	20		
73	784	174	18		
74	748	306	10		
75	726	299	13		
76	751	183	17		
77	788	247	19		
78	800	305	13		
79	734	254	14		
80	816	287	11		
81	999	62	11		
82	992	91	16		
83	999	79	18		
84	992	0	18		
85	999	0	20		
86	956	85	11		
87	950	45	10		
88	999	61	20		
89	939	0	13		
90	979	0	20		
91	976	0	17		
92	999	94	16		
93	999	20	13		
94	999	0	12		
95	962	9	11		
96	974	46	16		
97	998	7	10		
98	953	20	16		
99	988	35	18		
100	950	36	10		
101	853	171	1000	2946	100
102	284	635	1000	2946	100
103	189	280	1000	2946	100
104	637	630	1000	2946	100
105	44	799	1000	2946	100
106	13	998	1000	2946	100
107	443	205	1000	2946	100
108	927	546	1000	2946	100
109	338	597	1000	2946	100
110	835	121	1000	2946	100
