100	10	150	100	0	
0	12454.5	0			
1	461	286	18		
2	69	422	15		
3	447	193	17		
4	189	290	15		
5	934	122	17		
6	285	891	12		
7	610	583	20		
8	674	928	12		
9	953	445	20		
10	786	81	20		
11	101	688	17		
12	141	629	10		
13	986	784	10		
14	558	962	13		
15	589	826	17		
16	940	571	14		
17	905	782	15		
18	73	245	12		
19	999	41	17		
20	999	65	12		
21	916	84	20		
22	901	17	16		
23	944	52	19		
24	980	44	19		
25	965	90	20		
26	903	109	14		
27	957	8	17		
28	916	98	15		
29	897	6	16		
30	999	41	12		
31	975	25	20		
32	999	121	13		
33	938	108	13		
34	999	120	17		
35	999	54	18		
36	909	0	10		
37	610	600	12		
38	598	560	19		
39	632	633	19		
40	614	625	11		
41	640	627	10		
42	614	600	11		
43	594	512	16		
44	568	512	20		
45	630	573	19		
46	681	644	11		
47	566	547	14		
48	671	550	17		
49	595	519	13		
50	676	539	16		
51	557	542	12		
52	577	619	10		
53	617	627	13		
54	324	224	10		
55	349	239	14		
56	259	309	18		
57	305	270	12		
58	228	306	14		
59	354	247	15		
60	301	286	11		
61	279	307	17		
62	327	237	15		
63	286	320	12		
64	261	269	19		
65	358	293	17		
66	330	239	12		
67	232	243	13		
68	294	315	10		
69	301	310	11		
70	830	704	13		
71	899	741	12		
72	877	773	16		
73	898	824	19		
74	836	781	12		
75	873	728	19		
76	928	706	11		
77	905	763	17		
78	900	736	10		
79	939	706	15		
80	836	725	12		
81	850	704	15		
82	942	737	18		
83	844	760	17		
84	837	782	16		
85	928	723	20		
86	917	749	10		
87	863	803	17		
88	460	206	17		
89	516	95	15		
90	477	216	13		
91	557	195	16		
92	479	131	15		
93	543	117	18		
94	484	205	11		
95	544	146	10		
96	558	215	16		
97	453	179	10		
98	527	106	16		
99	462	202	10		
100	499	157	20		
101	204	636	1000	2962	100
102	469	60	1000	2962	100
103	422	564	1000	2962	100
104	224	100	1000	2962	100
105	360	642	1000	2962	100
106	881	258	1000	2962	100
107	841	474	1000	2962	100
108	215	199	1000	2962	100
109	679	97	1000	2962	100
110	793	551	1000	2962	100
