200	20	150	100	0
0	0	0
1	280	702	13
2	176	494	10
3	662	262	14
4	775	487	16
5	1	174	13
6	46	367	12
7	105	563	19
8	138	960	17
9	925	297	10
10	448	289	16
11	626	217	10
12	521	647	20
13	851	692	15
14	98	1	12
15	253	655	17
16	806	623	12
17	601	710	13
18	118	362	19
19	176	316	10
20	850	398	18
21	255	226	13
22	664	686	18
23	711	162	13
24	315	642	10
25	696	915	13
26	983	128	20
27	560	465	12
28	134	941	12
29	773	76	12
30	127	488	12
31	387	689	11
32	251	129	19
33	902	26	12
34	872	324	12
35	504	955	12
36	989	519	19
37	165	900	16
38	561	749	17
39	680	224	10
40	120	954	13
41	627	364	20
42	442	34	10
43	646	677	20
44	646	732	18
45	896	690	20
46	517	847	19
47	698	305	11
48	263	829	16
49	736	959	14
50	796	203	17
51	547	563	19
52	128	663	14
53	433	55	10
54	356	692	12
55	40	986	11
56	797	620	19
57	952	244	12
58	615	735	13
59	686	546	17
60	413	441	10
61	778	225	15
62	373	609	18
63	433	987	12
64	44	744	10
65	764	39	18
66	822	48	10
67	746	88	12
68	773	73	12
69	362	991	18
70	973	991	16
71	52	600	18
72	492	118	20
73	530	691	16
74	688	128	11
75	567	996	10
76	128	769	20
77	167	474	19
78	184	309	13
79	203	373	14
80	517	761	14
81	557	870	14
82	917	396	11
83	767	743	20
84	538	509	16
85	994	735	20
86	723	968	17
87	884	993	19
88	448	412	12
89	188	122	17
90	419	750	10
91	8	723	15
92	869	681	20
93	569	447	16
94	189	423	14
95	793	520	11
96	425	86	14
97	363	199	15
98	676	332	19
99	295	137	14
100	618	364	10
101	558	65	10
102	557	747	20
103	355	490	18
104	869	640	17
105	382	479	16
106	223	55	18
107	407	176	18
108	501	193	12
109	257	602	14
110	881	398	12
111	232	867	15
112	182	789	10
113	829	771	18
114	615	769	13
115	342	520	11
116	551	414	18
117	766	511	19
118	476	687	11
119	854	318	13
120	205	22	20
121	983	264	11
122	185	360	16
123	687	834	16
124	724	221	16
125	539	799	16
126	71	13	10
127	898	240	11
128	781	926	19
129	324	573	11
130	268	937	15
131	795	111	15
132	876	134	20
133	955	835	18
134	66	783	13
135	278	182	15
136	803	892	10
137	760	270	15
138	559	137	11
139	635	192	11
140	45	134	13
141	44	741	17
142	998	542	14
143	408	351	19
144	547	560	18
145	362	165	19
146	19	358	13
147	157	164	19
148	630	78	19
149	455	987	17
150	136	416	16
151	193	213	20
152	649	415	16
153	19	166	10
154	283	310	13
155	455	28	10
156	323	385	18
157	159	581	20
158	35	759	14
159	942	60	19
160	388	907	18
161	250	962	11
162	387	654	13
163	594	155	10
164	764	53	15
165	884	38	20
166	401	878	16
167	568	188	12
168	3	622	18
169	342	524	17
170	317	912	20
171	180	208	10
172	675	215	11
173	264	226	15
174	548	655	20
175	800	92	20
176	607	883	10
177	723	965	18
178	118	496	20
179	34	714	14
180	989	594	17
181	8	842	14
182	666	90	14
183	53	853	19
184	147	925	13
185	153	292	12
186	398	245	14
187	929	172	15
188	445	619	11
189	566	730	10
190	411	973	18
191	889	83	14
192	679	77	17
193	199	566	10
194	832	379	16
195	894	304	20
196	3	643	15
197	935	508	19
198	800	95	20
199	372	380	16
200	137	662	15
201	700	684	1000	5974	200
202	246	39	1000	5974	200
203	671	361	1000	5974	200
204	861	880	1000	5974	200
205	91	326	1000	5974	200
206	102	938	1000	5974	200
207	31	938	1000	5974	200
208	195	688	1000	5974	200
209	69	552	1000	5974	200
210	541	93	1000	5974	200
211	914	788	1000	5974	200
212	488	209	1000	5974	200
213	877	387	1000	5974	200
214	610	641	1000	5974	200
215	689	384	1000	5974	200
216	988	300	1000	5974	200
217	165	67	1000	5974	200
218	76	120	1000	5974	200
219	957	392	1000	5974	200
220	861	856	1000	5974	200
