200	10	150	100	0
0	0	0
1	93	733	11
2	210	126	20
3	276	919	10
4	851	593	14
5	895	577	13
6	252	433	14
7	41	293	16
8	703	385	17
9	196	2	10
10	506	311	16
11	613	246	17
12	203	421	16
13	235	725	16
14	351	633	10
15	700	797	16
16	511	452	20
17	328	372	15
18	421	324	15
19	631	283	14
20	392	830	14
21	965	255	13
22	120	930	18
23	267	882	14
24	545	153	14
25	254	977	14
26	774	377	17
27	501	258	12
28	804	52	14
29	744	647	11
30	9	911	17
31	978	37	19
32	329	800	10
33	123	497	19
34	359	448	15
35	241	907	19
36	253	727	18
37	884	68	13
38	292	354	11
39	292	463	19
40	792	380	14
41	34	694	17
42	396	610	18
43	525	658	11
44	473	918	14
45	591	407	12
46	94	126	17
47	256	325	14
48	867	110	16
49	712	384	14
50	80	971	11
51	595	241	20
52	904	488	15
53	230	470	14
54	371	93	11
55	825	882	15
56	556	450	10
57	747	218	14
58	866	974	14
59	87	489	15
60	527	79	11
61	643	96	16
62	492	177	20
63	545	146	12
64	723	982	13
65	946	983	11
66	104	201	20
67	983	237	18
68	60	381	16
69	376	255	18
70	134	992	19
71	257	537	19
72	335	948	12
73	369	618	20
74	405	746	12
75	34	523	19
76	115	740	13
77	834	793	18
78	533	487	15
79	76	18	14
80	989	471	10
81	446	936	10
82	768	986	20
83	897	823	11
84	376	245	18
85	837	500	13
86	15	445	18
87	738	362	10
88	138	895	17
89	379	846	19
90	585	40	11
91	849	173	10
92	725	399	20
93	351	663	16
94	591	273	13
95	235	728	11
96	117	130	15
97	114	494	15
98	710	981	15
99	738	280	18
100	763	957	15
101	447	111	10
102	814	353	10
103	2	386	16
104	514	204	17
105	762	797	13
106	463	734	16
107	364	579	18
108	659	541	13
109	230	539	17
110	683	41	19
111	102	828	13
112	531	22	11
113	953	374	11
114	708	636	12
115	411	45	12
116	967	528	10
117	369	720	13
118	374	667	17
119	448	442	12
120	79	599	10
121	143	26	20
122	797	480	20
123	562	851	16
124	648	145	17
125	535	873	20
126	590	222	10
127	751	267	10
128	909	670	13
129	132	565	12
130	555	364	16
131	606	784	14
132	520	541	19
133	117	274	18
134	270	384	16
135	90	268	18
136	87	482	17
137	996	84	18
138	816	701	18
139	94	119	13
140	725	331	11
141	39	716	19
142	314	327	11
143	260	156	11
144	911	974	16
145	272	832	10
146	386	425	15
147	298	831	20
148	37	333	19
149	565	620	18
150	911	56	16
151	646	769	12
152	318	161	17
153	69	517	11
154	884	120	10
155	776	815	19
156	500	923	11
157	774	309	14
158	189	310	15
159	527	106	13
160	768	75	20
161	803	755	11
162	136	375	12
163	6	244	20
164	683	47	19
165	633	823	19
166	359	417	11
167	350	431	15
168	529	451	19
169	95	311	18
170	599	184	13
171	213	765	18
172	446	930	18
173	237	991	17
174	69	428	16
175	979	188	15
176	16	685	18
177	331	179	20
178	106	707	13
179	294	850	11
180	306	584	15
181	797	490	18
182	859	343	14
183	889	237	11
184	132	459	12
185	821	945	20
186	778	167	10
187	358	154	18
188	398	132	20
189	664	758	11
190	788	607	20
191	6	285	14
192	871	16	14
193	599	191	15
194	744	760	10
195	274	324	13
196	634	49	17
197	890	244	17
198	663	454	18
199	649	340	11
200	175	224	17
201	205	875	1000	5978	200
202	62	877	1000	5978	200
203	390	376	1000	5978	200
204	139	103	1000	5978	200
205	81	187	1000	5978	200
206	828	576	1000	5978	200
207	975	419	1000	5978	200
208	753	773	1000	5978	200
209	220	283	1000	5978	200
210	378	768	1000	5978	200
