200	10	150	100	0
0	0	0
1	217	712	16
2	521	705	13
3	867	148	20
4	133	856	19
5	632	642	13
6	782	55	16
7	417	473	14
8	993	435	17
9	349	199	18
10	467	629	12
11	955	893	16
12	81	238	11
13	313	37	19
14	183	878	15
15	735	703	20
16	375	900	18
17	510	264	14
18	219	16	10
19	661	972	15
20	697	209	17
21	825	902	17
22	149	434	18
23	229	402	10
24	59	145	18
25	549	936	20
26	580	877	19
27	540	63	19
28	24	311	17
29	763	933	15
30	88	629	13
31	917	471	10
32	610	686	20
33	642	850	18
34	368	365	13
35	750	939	10
36	410	921	19
37	405	623	19
38	472	617	19
39	217	637	17
40	678	762	13
41	763	807	12
42	760	226	16
43	606	671	13
44	255	127	17
45	461	262	13
46	710	940	19
47	551	312	12
48	797	590	20
49	61	767	14
50	890	459	12
51	896	789	12
52	720	271	10
53	699	527	11
54	28	159	11
55	635	284	16
56	717	563	12
57	217	569	20
58	365	815	17
59	486	861	20
60	784	654	14
61	400	515	15
62	413	465	19
63	137	707	19
64	270	490	18
65	825	687	12
66	916	99	13
67	158	471	18
68	535	842	13
69	700	746	18
70	27	992	17
71	120	913	19
72	439	395	14
73	476	666	10
74	260	334	15
75	723	838	13
76	791	93	14
77	723	914	11
78	634	35	10
79	827	255	10
80	7	665	16
81	854	226	13
82	534	593	10
83	810	437	13
84	817	88	13
85	609	324	10
86	487	127	17
87	502	449	12
88	678	906	17
89	918	697	18
90	141	513	10
91	955	873	14
92	488	254	13
93	830	853	16
94	990	707	17
95	273	256	19
96	322	101	14
97	613	298	11
98	687	881	10
99	443	185	19
100	333	562	19
101	855	414	14
102	643	949	13
103	571	789	17
104	751	162	17
105	175	251	11
106	303	948	10
107	393	977	18
108	887	643	13
109	915	914	11
110	815	612	11
111	188	187	11
112	965	200	14
113	870	972	12
114	646	725	13
115	365	695	15
116	690	452	12
117	300	248	10
118	442	14	13
119	52	693	13
120	163	548	13
121	703	518	10
122	55	400	17
123	645	506	16
124	365	863	20
125	205	824	14
126	578	416	10
127	183	916	11
128	157	174	17
129	927	570	11
130	697	79	16
131	732	2	11
132	424	936	16
133	676	315	14
134	467	650	14
135	549	878	16
136	564	422	19
137	505	208	20
138	644	325	13
139	788	501	11
140	272	866	12
141	42	399	14
142	437	804	20
143	25	619	13
144	668	698	10
145	332	388	16
146	808	47	14
147	537	386	19
148	432	830	19
149	825	865	17
150	728	963	12
151	677	732	17
152	872	331	20
153	36	950	11
154	817	913	16
155	562	957	16
156	382	564	12
157	364	490	11
158	753	609	11
159	471	409	17
160	515	297	15
161	434	226	18
162	636	561	17
163	731	852	10
164	737	51	20
165	467	633	20
166	721	391	11
167	495	935	16
168	511	565	15
169	593	786	17
170	77	336	14
171	191	727	13
172	932	787	17
173	255	148	12
174	55	246	11
175	193	124	14
176	743	483	17
177	259	36	18
178	114	566	18
179	788	426	16
180	428	924	16
181	938	58	12
182	63	174	10
183	998	648	20
184	142	770	13
185	376	176	18
186	525	552	12
187	739	499	19
188	762	790	18
189	932	739	14
190	537	184	19
191	261	484	10
192	410	723	20
193	999	774	16
194	470	173	11
195	687	977	11
196	880	111	12
197	920	87	18
198	421	215	12
199	131	367	18
200	150	516	12
201	868	415	1000	5922	200
202	851	651	1000	5922	200
203	911	33	1000	5922	200
204	287	288	1000	5922	200
205	421	280	1000	5922	200
206	678	817	1000	5922	200
207	12	765	1000	5922	200
208	381	383	1000	5922	200
209	786	129	1000	5922	200
210	820	652	1000	5922	200
