200	20	150	100	0
0	0	0
1	155	723	19
2	866	916	17
3	72	33	15
4	492	224	11
5	264	109	13
6	517	744	10
7	729	383	10
8	848	910	17
9	773	100	14
10	486	970	19
11	284	570	11
12	642	829	14
13	774	381	12
14	267	755	18
15	218	750	12
16	943	176	13
17	419	818	14
18	320	670	13
19	146	627	20
20	545	20	15
21	395	579	10
22	635	182	18
23	748	642	17
24	802	649	16
25	402	956	17
26	177	627	18
27	521	660	16
28	914	682	10
29	754	790	19
30	48	770	15
31	448	254	20
32	970	243	10
33	382	674	13
34	863	406	14
35	995	923	20
36	832	324	19
37	644	345	11
38	382	486	10
39	755	50	13
40	235	571	14
41	898	250	14
42	78	418	12
43	565	665	18
44	864	522	15
45	26	834	18
46	902	33	18
47	403	318	13
48	332	350	12
49	387	576	14
50	985	715	17
51	246	15	16
52	312	879	18
53	964	999	13
54	699	626	11
55	230	583	10
56	636	507	17
57	482	893	17
58	116	894	10
59	287	175	12
60	156	866	18
61	21	806	16
62	452	321	19
63	841	426	16
64	497	236	16
65	885	335	17
66	10	150	17
67	571	854	12
68	297	612	14
69	38	500	18
70	80	992	18
71	189	225	19
72	387	672	18
73	423	642	15
74	833	540	19
75	878	681	16
76	453	416	19
77	278	353	15
78	84	761	18
79	452	136	18
80	498	568	18
81	150	581	12
82	151	790	20
83	853	130	18
84	97	666	10
85	223	912	12
86	251	286	18
87	120	906	17
88	908	400	12
89	649	272	18
90	863	276	10
91	902	23	12
92	106	826	16
93	90	258	16
94	790	990	10
95	754	992	15
96	219	115	14
97	863	396	19
98	698	431	13
99	590	232	13
100	48	760	17
101	151	762	18
102	728	151	17
103	786	88	16
104	633	683	17
105	969	24	17
106	383	841	13
107	378	778	18
108	273	92	13
109	572	227	20
110	749	827	10
111	145	508	17
112	748	611	18
113	912	173	17
114	677	680	12
115	388	870	19
116	828	490	16
117	835	984	12
118	408	340	15
119	250	68	12
120	121	73	17
121	423	772	10
122	926	440	19
123	604	179	16
124	7	504	13
125	870	849	11
126	84	819	10
127	467	592	10
128	533	422	15
129	529	568	11
130	126	222	16
131	669	893	18
132	972	738	12
133	396	794	11
134	868	517	15
135	820	573	17
136	326	952	18
137	251	146	13
138	730	513	16
139	941	810	12
140	498	598	12
141	40	57	11
142	875	65	15
143	642	887	18
144	789	836	13
145	302	610	13
146	597	736	15
147	918	608	20
148	235	581	19
149	195	743	17
150	319	510	20
151	162	250	15
152	95	246	13
153	52	734	11
154	351	516	18
155	669	886	12
156	441	744	17
157	569	399	12
158	471	460	19
159	999	757	15
160	641	686	12
161	618	491	15
162	886	468	20
163	869	548	10
164	710	49	14
165	50	228	19
166	40	904	16
167	423	683	10
168	20	508	12
169	844	48	18
170	838	760	19
171	202	246	16
172	189	358	12
173	246	69	20
174	562	837	14
175	586	156	20
176	880	84	12
177	795	108	19
178	110	636	15
179	541	138	19
180	867	254	16
181	867	274	20
182	461	259	18
183	944	443	10
184	137	614	12
185	598	61	14
186	651	860	11
187	548	826	13
188	80	961	13
189	298	749	18
190	662	396	20
191	633	885	18
192	140	370	11
193	799	983	10
194	107	966	16
195	481	651	12
196	757	580	20
197	905	665	18
198	42	334	15
199	890	353	20
200	162	370	20
201	36	145	1000	6058	200
202	457	264	1000	6058	200
203	150	704	1000	6058	200
204	713	695	1000	6058	200
205	751	233	1000	6058	200
206	253	696	1000	6058	200
207	994	592	1000	6058	200
208	567	78	1000	6058	200
209	503	706	1000	6058	200
210	99	210	1000	6058	200
211	955	996	1000	6058	200
212	50	160	1000	6058	200
213	727	956	1000	6058	200
214	146	737	1000	6058	200
215	44	936	1000	6058	200
216	638	893	1000	6058	200
217	996	98	1000	6058	200
218	878	691	1000	6058	200
219	750	909	1000	6058	200
220	520	445	1000	6058	200
