200	20	150	100	0
0	0	0
1	73	252	17
2	491	57	10
3	749	738	10
4	239	576	12
5	989	481	13
6	743	429	11
7	9	78	10
8	493	409	17
9	607	968	18
10	863	399	19
11	464	929	14
12	4	930	19
13	247	288	11
14	561	670	20
15	70	784	15
16	602	915	16
17	54	205	19
18	5	155	14
19	777	116	18
20	874	693	11
21	191	673	10
22	682	829	14
23	634	991	19
24	874	789	11
25	628	599	14
26	269	354	19
27	200	792	12
28	363	206	14
29	207	326	19
30	123	531	11
31	15	421	20
32	379	881	10
33	241	13	10
34	987	146	10
35	713	685	20
36	454	741	15
37	12	604	18
38	397	6	11
39	336	355	20
40	477	807	19
41	651	726	12
42	689	428	12
43	941	766	10
44	545	132	17
45	661	992	16
46	291	193	12
47	308	86	13
48	375	666	13
49	275	683	16
50	333	675	19
51	275	521	16
52	387	666	18
53	323	685	14
54	383	592	12
55	358	539	20
56	355	534	17
57	414	635	14
58	258	612	18
59	367	570	12
60	411	523	18
61	350	621	14
62	299	630	15
63	384	629	10
64	419	679	13
65	311	562	18
66	348	638	10
67	339	669	10
68	427	678	17
69	424	622	12
70	353	630	11
71	383	613	12
72	379	564	17
73	309	658	16
74	276	529	10
75	358	569	13
76	404	684	16
77	361	612	20
78	421	686	19
79	283	637	13
80	256	637	16
81	317	689	18
82	316	652	19
83	352	553	14
84	368	631	12
85	269	690	13
86	329	645	16
87	424	688	14
88	294	539	13
89	329	629	12
90	348	527	20
91	366	621	17
92	404	663	14
93	264	628	12
94	265	668	17
95	256	632	12
96	296	519	19
97	122	268	15
98	18	168	14
99	14	261	12
100	109	119	19
101	58	238	14
102	116	112	14
103	1	176	20
104	54	227	16
105	5	264	19
106	124	103	14
107	122	156	12
108	0	207	12
109	122	230	13
110	18	197	16
111	103	152	20
112	0	148	10
113	13	221	10
114	0	195	12
115	0	180	12
116	53	151	10
117	123	195	15
118	85	178	12
119	3	234	18
120	39	177	15
121	117	137	11
122	84	111	12
123	0	158	12
124	108	106	17
125	29	121	18
126	54	172	20
127	67	260	14
128	11	236	12
129	46	190	13
130	106	146	10
131	0	228	12
132	92	149	15
133	98	147	12
134	23	168	19
135	86	158	19
136	54	203	16
137	70	109	12
138	28	122	14
139	0	131	18
140	95	154	10
141	3	174	18
142	79	177	18
143	124	169	19
144	79	105	17
145	54	225	10
146	0	266	12
147	10	140	13
148	0	136	18
149	56	271	18
150	58	138	11
151	71	766	16
152	0	816	10
153	2	686	15
154	0	815	13
155	14	816	13
156	85	718	16
157	71	804	10
158	0	787	16
159	86	794	10
160	87	786	10
161	59	833	15
162	67	808	19
163	112	800	20
164	0	690	16
165	0	690	14
166	0	711	19
167	5	755	18
168	21	665	18
169	0	720	10
170	57	775	16
171	81	684	14
172	1	754	10
173	0	682	16
174	101	688	16
175	10	813	20
176	98	690	14
177	0	690	16
178	0	785	10
179	30	688	12
180	48	716	11
181	29	803	17
182	0	807	17
183	62	690	10
184	34	687	20
185	0	700	14
186	75	766	11
187	0	759	10
188	76	716	13
189	105	705	12
190	61	830	10
191	0	759	18
192	87	810	12
193	10	682	10
194	104	791	10
195	7	724	10
196	0	724	14
197	15	770	14
198	57	794	20
199	0	670	11
200	43	808	10
201	285	823	1000	5786	200
202	298	636	1000	5786	200
203	397	982	1000	5786	200
204	977	873	1000	5786	200
205	580	925	1000	5786	200
206	259	26	1000	5786	200
207	817	74	1000	5786	200
208	546	334	1000	5786	200
209	832	338	1000	5786	200
210	707	335	1000	5786	200
211	37	275	1000	5786	200
212	550	165	1000	5786	200
213	876	202	1000	5786	200
214	267	783	1000	5786	200
215	343	729	1000	5786	200
216	253	755	1000	5786	200
217	9	47	1000	5786	200
218	602	933	1000	5786	200
219	883	692	1000	5786	200
220	74	642	1000	5786	200
