200	20	150	100	0
0	0	0
1	689	815	10
2	566	838	20
3	617	774	12
4	670	904	11
5	724	880	11
6	575	796	14
7	684	820	20
8	725	810	10
9	653	804	19
10	613	757	12
11	619	888	13
12	650	812	20
13	645	848	18
14	654	923	15
15	650	879	18
16	694	797	15
17	685	836	13
18	592	925	16
19	655	881	17
20	685	866	20
21	600	815	16
22	673	805	16
23	709	859	17
24	587	867	20
25	577	855	19
26	644	896	16
27	677	805	19
28	725	802	17
29	661	897	11
30	721	919	16
31	691	910	11
32	592	846	19
33	568	808	17
34	722	791	13
35	566	915	12
36	612	848	12
37	663	910	12
38	689	770	19
39	667	786	12
40	611	896	15
41	686	792	19
42	591	866	14
43	634	885	16
44	647	806	17
45	613	777	13
46	701	831	13
47	690	828	12
48	596	782	12
49	679	888	19
50	604	820	17
51	594	872	16
52	707	870	12
53	701	777	14
54	711	911	15
55	728	862	10
56	637	840	19
57	615	916	18
58	667	806	11
59	575	793	17
60	597	863	17
61	583	780	12
62	696	846	17
63	642	833	14
64	854	135	19
65	930	11	17
66	926	141	10
67	929	144	11
68	818	131	18
69	760	139	13
70	894	79	16
71	810	173	16
72	866	93	20
73	840	173	13
74	882	76	13
75	828	132	18
76	904	106	13
77	783	74	15
78	835	87	13
79	863	112	14
80	926	82	15
81	791	103	19
82	824	125	11
83	815	81	17
84	787	101	16
85	833	56	11
86	900	101	16
87	878	48	13
88	779	78	20
89	825	101	19
90	901	181	17
91	808	160	19
92	857	154	16
93	763	72	16
94	897	119	11
95	781	132	16
96	921	141	12
97	857	74	17
98	874	47	16
99	920	95	11
100	809	69	12
101	854	46	17
102	825	166	12
103	841	90	15
104	926	175	20
105	826	118	15
106	819	35	17
107	851	80	11
108	859	18	13
109	783	125	15
110	925	95	15
111	922	53	15
112	900	182	14
113	803	118	10
114	855	116	16
115	823	20	12
116	899	75	15
117	917	28	10
118	801	131	13
119	792	157	16
120	782	37	20
121	871	162	14
122	879	18	20
123	827	142	15
124	851	58	11
125	919	168	10
126	859	105	10
127	821	18	14
128	852	128	20
129	918	22	13
130	916	90	19
131	296	238	16
132	360	242	18
133	317	145	11
134	293	111	11
135	392	131	17
136	262	116	10
137	246	149	11
138	313	270	18
139	275	118	20
140	228	191	15
141	275	257	19
142	331	217	19
143	274	180	10
144	239	276	20
145	309	240	13
146	266	151	15
147	251	238	20
148	357	272	14
149	232	133	16
150	382	112	16
151	281	122	19
152	342	166	15
153	390	135	11
154	288	251	12
155	342	260	17
156	287	196	10
157	383	174	14
158	231	115	15
159	291	258	20
160	237	203	16
161	341	129	11
162	370	256	10
163	261	275	19
164	374	166	16
165	309	155	10
166	264	130	19
167	250	219	19
168	388	159	15
169	320	197	18
170	277	147	14
171	394	118	20
172	310	207	12
173	344	131	17
174	264	111	14
175	377	148	14
176	274	157	20
177	396	120	19
178	357	154	18
179	344	136	18
180	321	153	17
181	357	262	14
182	230	227	17
183	376	137	19
184	388	125	12
185	347	264	17
186	249	176	15
187	310	238	16
188	312	280	10
189	354	156	20
190	262	232	17
191	332	193	16
192	360	280	10
193	260	162	18
194	334	166	19
195	302	122	16
196	269	136	17
197	359	152	17
198	328	173	11
199	338	179	12
200	347	182	18
201	513	801	1000	6084	200
202	420	106	1000	6084	200
203	631	450	1000	6084	200
204	907	202	1000	6084	200
205	243	424	1000	6084	200
206	861	832	1000	6084	200
207	372	363	1000	6084	200
208	309	175	1000	6084	200
209	248	538	1000	6084	200
210	451	979	1000	6084	200
211	280	688	1000	6084	200
212	114	505	1000	6084	200
213	7	473	1000	6084	200
214	979	372	1000	6084	200
215	360	543	1000	6084	200
216	678	834	1000	6084	200
217	840	252	1000	6084	200
218	450	870	1000	6084	200
219	780	772	1000	6084	200
220	871	190	1000	6084	200
