200	10	150	100	0
0	0	0
1	283	457	20
2	377	416	16
3	118	369	18
4	707	311	12
5	678	793	20
6	653	283	13
7	484	502	16
8	395	428	12
9	948	297	16
10	540	960	16
11	55	390	19
12	348	14	20
13	124	771	18
14	608	238	16
15	347	693	12
16	156	17	16
17	708	690	10
18	661	3	16
19	588	686	19
20	550	178	19
21	938	192	10
22	922	572	13
23	138	843	19
24	895	386	17
25	378	580	11
26	867	244	13
27	570	782	19
28	219	167	14
29	348	857	16
30	906	891	14
31	572	162	13
32	203	376	17
33	282	259	15
34	971	567	15
35	116	925	19
36	177	651	15
37	880	142	20
38	811	563	10
39	145	491	12
40	920	124	15
41	842	686	12
42	683	37	15
43	270	301	17
44	380	391	20
45	301	370	12
46	262	316	17
47	276	366	14
48	414	279	15
49	308	337	20
50	259	273	14
51	351	363	17
52	289	321	14
53	369	396	17
54	367	363	15
55	409	394	13
56	363	398	12
57	290	251	17
58	289	271	17
59	412	302	10
60	380	371	17
61	296	386	15
62	423	366	18
63	318	370	16
64	422	302	11
65	372	246	18
66	302	248	18
67	291	404	15
68	421	415	16
69	300	339	16
70	396	345	17
71	374	264	12
72	409	316	16
73	276	325	11
74	327	350	16
75	256	372	20
76	351	344	18
77	335	249	16
78	398	290	15
79	339	296	18
80	284	370	17
81	258	289	20
82	411	310	17
83	275	410	17
84	390	290	16
85	343	282	10
86	409	324	15
87	345	365	14
88	421	255	19
89	349	288	16
90	29	289	20
91	46	276	12
92	158	313	17
93	34	241	16
94	39	337	19
95	157	247	17
96	37	378	20
97	51	267	15
98	146	303	17
99	116	246	12
100	55	393	16
101	42	323	13
102	144	247	20
103	50	295	17
104	87	242	13
105	151	325	14
106	72	386	18
107	54	269	14
108	117	291	18
109	87	358	10
110	121	323	14
111	163	277	16
112	82	293	12
113	87	262	14
114	156	310	16
115	84	335	12
116	185	265	19
117	108	267	10
118	24	276	12
119	77	348	10
120	50	236	10
121	122	373	15
122	156	320	19
123	128	328	14
124	120	292	11
125	139	347	12
126	122	367	13
127	159	370	11
128	60	278	11
129	79	262	20
130	84	337	10
131	180	223	14
132	106	229	20
133	85	224	19
134	80	304	14
135	186	305	15
136	175	363	12
137	92	229	13
138	36	319	19
139	70	359	19
140	36	295	16
141	95	290	19
142	185	262	11
143	138	356	11
144	911	756	10
145	874	835	10
146	999	863	14
147	975	815	13
148	941	741	19
149	921	870	17
150	977	801	10
151	872	787	10
152	890	906	15
153	971	796	10
154	999	812	11
155	978	786	10
156	944	752	20
157	975	765	10
158	984	820	18
159	934	878	10
160	864	793	17
161	931	755	15
162	918	852	18
163	931	826	16
164	972	756	18
165	900	837	17
166	939	770	14
167	974	813	15
168	966	788	17
169	907	748	11
170	866	811	11
171	865	822	18
172	903	773	16
173	999	762	18
174	928	789	17
175	855	836	13
176	900	754	17
177	963	787	15
178	855	759	10
179	865	767	16
180	868	902	17
181	925	788	17
182	999	762	17
183	999	763	15
184	932	775	16
185	979	790	11
186	986	830	19
187	973	905	18
188	929	810	20
189	917	774	17
190	956	758	13
191	964	763	18
192	885	905	15
193	999	772	20
194	999	847	17
195	923	762	14
196	995	746	14
197	977	896	17
198	918	800	14
199	999	779	15
200	972	814	18
201	373	527	1000	6096	200
202	58	50	1000	6096	200
203	112	9	1000	6096	200
204	993	353	1000	6096	200
205	974	261	1000	6096	200
206	535	894	1000	6096	200
207	184	206	1000	6096	200
208	234	451	1000	6096	200
209	102	842	1000	6096	200
210	594	12	1000	6096	200
