200	10	150	100	0
0	0	0
1	862	47	14
2	606	698	15
3	380	106	14
4	772	841	17
5	300	169	15
6	833	574	11
7	550	635	11
8	494	679	17
9	480	713	11
10	599	649	13
11	562	714	18
12	512	707	11
13	537	585	16
14	585	719	12
15	456	709	12
16	517	693	12
17	508	621	10
18	615	662	13
19	482	604	18
20	524	594	15
21	524	583	18
22	470	592	16
23	595	601	20
24	600	675	15
25	564	648	19
26	591	707	19
27	535	610	13
28	459	706	12
29	506	598	12
30	527	686	11
31	544	634	13
32	482	701	17
33	448	693	11
34	501	645	17
35	574	712	11
36	472	579	20
37	618	646	16
38	539	606	15
39	453	652	13
40	527	701	18
41	568	710	12
42	542	603	18
43	616	731	13
44	546	592	18
45	497	682	16
46	543	700	20
47	540	656	12
48	523	654	20
49	601	629	20
50	593	678	13
51	558	627	15
52	498	612	11
53	463	575	18
54	585	595	13
55	494	631	10
56	534	617	17
57	552	619	18
58	587	726	17
59	509	612	13
60	455	623	18
61	591	631	18
62	535	668	13
63	464	661	10
64	603	656	13
65	610	652	16
66	580	628	10
67	573	709	10
68	619	714	13
69	563	680	19
70	498	688	18
71	580	736	12
72	536	585	18
73	521	142	15
74	410	200	15
75	405	112	15
76	509	63	17
77	392	171	19
78	522	67	16
79	522	166	19
80	498	177	10
81	517	82	10
82	551	130	16
83	468	60	14
84	491	187	12
85	544	228	13
86	452	99	16
87	463	84	11
88	430	58	11
89	550	192	17
90	423	192	20
91	482	116	19
92	437	182	10
93	390	161	17
94	539	166	19
95	501	203	20
96	555	137	17
97	516	171	12
98	386	107	10
99	407	178	16
100	486	94	18
101	396	55	19
102	411	226	14
103	448	133	15
104	517	115	10
105	529	105	15
106	498	69	15
107	514	118	17
108	540	200	15
109	479	178	19
110	412	146	13
111	539	103	11
112	555	79	16
113	435	83	16
114	435	156	13
115	505	100	10
116	416	113	13
117	460	198	14
118	470	155	10
119	424	196	14
120	524	194	16
121	434	149	11
122	508	151	18
123	522	63	11
124	420	168	11
125	414	145	13
126	483	225	13
127	471	226	15
128	459	95	19
129	509	193	15
130	452	205	15
131	414	136	17
132	399	145	16
133	435	146	20
134	462	108	18
135	482	86	11
136	429	119	18
137	545	64	20
138	516	173	16
139	514	152	15
140	477	87	16
141	408	134	14
142	469	168	20
143	433	58	15
144	798	321	11
145	871	387	14
146	850	429	15
147	852	426	13
148	878	377	14
149	823	282	16
150	778	284	11
151	883	353	14
152	884	411	12
153	772	321	11
154	739	260	10
155	865	380	20
156	765	369	19
157	898	291	17
158	748	405	16
159	747	282	16
160	780	336	13
161	795	395	15
162	900	341	13
163	874	361	12
164	864	265	14
165	847	284	14
166	849	415	16
167	823	309	16
168	816	263	16
169	889	366	19
170	909	293	10
171	750	279	14
172	866	281	15
173	786	393	14
174	837	375	15
175	841	297	18
176	770	341	12
177	881	296	14
178	818	287	10
179	804	343	15
180	847	262	14
181	792	346	10
182	769	344	17
183	755	340	11
184	858	264	16
185	795	392	13
186	889	343	10
187	760	397	11
188	899	418	20
189	909	348	13
190	785	323	12
191	777	429	15
192	870	421	14
193	864	275	12
194	809	276	20
195	754	338	13
196	750	399	16
197	883	322	17
198	743	262	11
199	856	276	15
200	854	349	14
201	300	87	1000	5874	200
202	458	637	1000	5874	200
203	602	919	1000	5874	200
204	820	703	1000	5874	200
205	419	853	1000	5874	200
206	976	644	1000	5874	200
207	284	601	1000	5874	200
208	533	306	1000	5874	200
209	498	657	1000	5874	200
210	56	513	1000	5874	200
