200	20	150	100	0
0	0	0
1	183	964	19
2	169	859	16
3	226	919	17
4	149	877	16
5	132	909	16
6	122	876	18
7	187	971	17
8	219	842	20
9	234	859	11
10	237	894	18
11	243	890	20
12	148	872	10
13	166	882	14
14	148	879	18
15	129	877	14
16	121	847	10
17	234	930	20
18	221	942	17
19	205	912	15
20	144	887	11
21	193	954	20
22	212	865	18
23	128	933	14
24	203	839	17
25	242	951	17
26	141	897	15
27	160	857	16
28	168	887	15
29	201	969	20
30	170	959	16
31	244	910	20
32	122	920	10
33	151	870	18
34	127	875	12
35	219	888	14
36	234	926	15
37	176	909	16
38	221	958	12
39	178	967	14
40	209	941	17
41	187	887	11
42	126	968	10
43	125	955	11
44	145	969	18
45	745	74	10
46	700	170	10
47	781	122	15
48	786	111	10
49	717	201	11
50	807	107	17
51	759	128	19
52	689	181	16
53	766	151	18
54	692	107	11
55	684	128	12
56	778	177	20
57	800	77	13
58	781	176	16
59	710	100	13
60	783	106	19
61	794	78	19
62	765	129	14
63	682	159	16
64	802	157	17
65	807	142	19
66	812	137	18
67	693	191	13
68	801	198	18
69	798	84	16
70	743	112	14
71	714	181	17
72	703	166	18
73	808	148	14
74	746	97	16
75	722	148	19
76	751	94	10
77	683	201	12
78	790	125	13
79	706	110	20
80	797	80	19
81	683	151	16
82	772	195	12
83	725	151	11
84	460	365	14
85	476	337	16
86	460	402	20
87	403	344	16
88	417	385	15
89	411	406	10
90	474	312	11
91	520	327	11
92	445	357	20
93	515	294	10
94	491	399	10
95	495	304	18
96	427	396	12
97	408	364	15
98	404	388	18
99	453	283	18
100	430	357	18
101	512	349	20
102	493	334	16
103	470	413	14
104	404	334	16
105	482	356	19
106	431	402	15
107	457	346	10
108	412	328	15
109	407	300	13
110	406	338	19
111	405	345	12
112	473	380	14
113	400	315	10
114	433	352	15
115	500	309	17
116	421	308	16
117	395	282	19
118	451	359	13
119	402	308	15
120	471	282	16
121	496	363	19
122	502	383	19
123	952	547	19
124	979	476	15
125	999	501	16
126	969	461	12
127	999	550	19
128	986	450	17
129	956	531	20
130	960	543	14
131	976	553	11
132	957	491	18
133	969	467	15
134	910	443	19
135	936	501	12
136	933	499	20
137	900	513	12
138	934	517	19
139	925	531	18
140	986	451	12
141	924	464	20
142	881	502	19
143	999	490	20
144	878	478	14
145	881	552	19
146	885	554	12
147	993	437	12
148	938	516	18
149	953	550	10
150	999	505	14
151	914	474	13
152	999	532	11
153	909	486	17
154	979	540	18
155	986	488	11
156	926	502	19
157	951	567	16
158	882	465	12
159	910	549	16
160	976	455	14
161	900	561	11
162	883	480	10
163	930	466	10
164	942	448	20
165	880	519	16
166	959	481	17
167	987	501	13
168	64	388	10
169	136	369	14
170	13	432	13
171	139	444	11
172	26	433	10
173	66	433	20
174	77	393	13
175	33	418	17
176	40	420	20
177	116	429	16
178	85	489	12
179	44	453	19
180	98	422	19
181	48	490	18
182	129	480	13
183	132	475	19
184	132	466	14
185	15	441	11
186	134	500	18
187	131	375	20
188	129	479	14
189	30	408	16
190	76	372	14
191	122	370	17
192	78	378	15
193	85	425	19
194	19	368	11
195	107	472	13
196	71	489	17
197	69	468	11
198	12	390	13
199	96	481	20
200	139	422	13
201	628	750	1000	6116	200
202	956	238	1000	6116	200
203	408	474	1000	6116	200
204	109	465	1000	6116	200
205	260	269	1000	6116	200
206	176	388	1000	6116	200
207	928	844	1000	6116	200
208	946	870	1000	6116	200
209	838	787	1000	6116	200
210	327	225	1000	6116	200
211	500	937	1000	6116	200
212	836	298	1000	6116	200
213	844	100	1000	6116	200
214	322	221	1000	6116	200
215	409	706	1000	6116	200
216	171	288	1000	6116	200
217	400	686	1000	6116	200
218	693	334	1000	6116	200
219	828	572	1000	6116	200
220	209	921	1000	6116	200
