200	10	150	100	0
0	0	0
1	118	274	18
2	118	317	13
3	70	319	13
4	22	217	14
5	82	325	16
6	129	238	17
7	118	239	15
8	61	276	10
9	65	279	11
10	35	264	20
11	112	313	15
12	40	307	13
13	89	228	15
14	108	251	20
15	102	301	20
16	94	319	20
17	94	232	17
18	63	232	18
19	57	206	10
20	61	211	10
21	12	293	20
22	100	304	11
23	114	290	16
24	34	317	20
25	43	309	15
26	7	250	16
27	64	286	13
28	25	294	16
29	28	292	15
30	32	250	14
31	1	301	14
32	6	201	13
33	90	261	14
34	109	221	20
35	86	319	20
36	41	225	20
37	36	287	18
38	31	225	19
39	89	320	15
40	93	247	10
41	126	322	12
42	88	219	14
43	23	294	18
44	258	515	15
45	230	471	19
46	245	467	16
47	321	585	12
48	244	530	17
49	291	541	20
50	247	570	17
51	310	502	11
52	192	466	16
53	320	502	16
54	214	464	12
55	236	562	18
56	318	510	19
57	216	466	10
58	273	521	16
59	317	514	10
60	260	498	13
61	257	475	15
62	282	568	11
63	244	512	16
64	282	586	20
65	285	533	13
66	322	530	11
67	245	568	10
68	214	575	14
69	305	544	18
70	282	517	17
71	203	519	18
72	257	490	16
73	243	458	11
74	220	565	17
75	217	464	12
76	249	518	20
77	241	533	12
78	192	515	13
79	309	531	14
80	251	546	16
81	273	503	15
82	304	528	13
83	297	566	16
84	317	463	15
85	203	502	19
86	244	504	15
87	695	571	10
88	687	550	20
89	664	529	10
90	654	491	15
91	737	553	14
92	674	552	15
93	670	507	17
94	713	554	16
95	736	537	19
96	689	600	19
97	650	585	20
98	659	565	17
99	738	583	13
100	614	561	15
101	713	540	16
102	682	579	16
103	611	559	11
104	661	518	12
105	726	543	10
106	689	566	15
107	728	544	11
108	654	525	19
109	616	496	13
110	645	550	10
111	625	475	17
112	653	568	12
113	659	534	18
114	698	539	17
115	651	598	18
116	670	484	17
117	616	603	17
118	622	503	16
119	703	590	18
120	689	542	16
121	631	594	15
122	673	492	19
123	630	486	19
124	684	507	20
125	731	503	20
126	722	477	17
127	674	594	20
128	669	506	14
129	700	523	18
130	647	535	15
131	629	545	19
132	748	967	19
133	642	954	15
134	639	899	16
135	656	999	16
136	733	904	20
137	701	986	15
138	718	969	10
139	720	959	17
140	710	958	15
141	720	894	12
142	748	999	13
143	751	999	13
144	717	999	12
145	716	904	18
146	639	999	11
147	729	965	18
148	650	987	15
149	709	999	18
150	655	989	13
151	667	893	12
152	746	925	14
153	721	959	13
154	663	999	13
155	653	978	11
156	679	977	13
157	676	999	14
158	647	999	16
159	755	914	11
160	676	902	19
161	766	951	17
162	641	970	10
163	730	999	15
164	765	905	12
165	568	69	12
166	542	112	15
167	513	1	10
168	451	84	16
169	549	104	12
170	489	49	17
171	495	100	11
172	518	40	18
173	490	6	12
174	453	61	11
175	464	50	13
176	464	17	12
177	569	11	11
178	507	0	11
179	540	52	15
180	517	19	15
181	488	57	16
182	525	62	10
183	466	31	18
184	561	27	20
185	530	97	17
186	500	0	19
187	512	42	10
188	486	0	18
189	515	0	17
190	543	23	10
191	561	65	18
192	560	37	11
193	512	63	11
194	546	41	19
195	464	39	19
196	536	0	10
197	489	45	15
198	478	103	16
199	476	96	12
200	545	109	18
201	560	520	1000	6036	200
202	383	899	1000	6036	200
203	394	234	1000	6036	200
204	308	946	1000	6036	200
205	952	213	1000	6036	200
206	724	259	1000	6036	200
207	961	271	1000	6036	200
208	624	683	1000	6036	200
209	85	55	1000	6036	200
210	294	911	1000	6036	200
