200	10	150	100	0
0	0	0
1	835	981	14
2	642	843	16
3	837	370	18
4	922	545	18
5	13	864	20
6	584	807	19
7	787	351	14
8	585	981	20
9	834	717	13
10	690	545	17
11	972	677	14
12	615	841	18
13	420	965	16
14	241	58	14
15	940	612	17
16	93	750	18
17	38	613	20
18	346	406	14
19	845	236	20
20	947	116	10
21	963	599	11
22	122	432	16
23	813	997	11
24	378	658	19
25	476	683	13
26	88	821	18
27	792	325	13
28	785	736	18
29	774	452	20
30	345	200	15
31	908	393	14
32	117	277	10
33	35	882	19
34	504	966	16
35	286	11	13
36	406	992	19
37	158	334	18
38	911	947	15
39	147	853	15
40	75	847	14
41	708	602	12
42	755	71	12
43	828	555	13
44	381	434	18
45	207	537	13
46	326	565	14
47	327	630	14
48	262	545	16
49	287	537	15
50	297	656	17
51	251	531	11
52	269	549	17
53	325	607	20
54	287	638	14
55	249	614	13
56	334	597	18
57	254	612	17
58	307	546	15
59	248	645	16
60	255	645	20
61	205	584	14
62	311	570	10
63	310	614	14
64	227	651	20
65	234	612	10
66	233	617	12
67	336	618	14
68	209	623	20
69	302	629	20
70	312	633	15
71	216	628	19
72	309	632	13
73	223	575	14
74	241	648	16
75	294	533	18
76	333	531	20
77	191	121	13
78	234	83	13
79	216	28	17
80	261	133	12
81	285	130	10
82	202	116	13
83	274	49	12
84	305	81	12
85	212	118	16
86	304	46	17
87	309	113	14
88	289	45	16
89	235	34	11
90	180	61	15
91	291	135	18
92	181	24	17
93	274	92	11
94	257	84	14
95	299	15	16
96	229	20	13
97	222	26	17
98	278	46	12
99	313	71	13
100	183	65	16
101	261	120	11
102	258	73	14
103	202	86	19
104	306	139	16
105	184	38	19
106	223	69	18
107	214	45	10
108	277	93	14
109	831	423	18
110	785	508	20
111	728	405	13
112	810	480	13
113	705	509	20
114	758	449	15
115	751	444	20
116	832	504	20
117	720	513	15
118	762	462	15
119	700	421	11
120	789	465	18
121	832	457	16
122	814	514	10
123	790	434	16
124	777	409	18
125	728	407	14
126	787	411	13
127	715	440	10
128	757	401	18
129	758	517	20
130	793	526	15
131	731	397	11
132	776	410	10
133	725	509	16
134	785	515	20
135	762	400	10
136	759	501	19
137	730	436	15
138	700	519	12
139	852	270	19
140	888	269	17
141	925	211	11
142	936	291	19
143	928	259	19
144	957	313	13
145	878	270	12
146	884	311	11
147	896	192	19
148	910	206	10
149	849	247	12
150	913	228	15
151	887	289	17
152	974	232	19
153	931	206	13
154	861	310	19
155	935	308	18
156	853	318	14
157	853	296	13
158	887	312	14
159	905	249	20
160	966	199	11
161	873	256	20
162	951	204	14
163	927	240	10
164	893	229	12
165	927	189	15
166	939	300	14
167	970	312	20
168	963	193	13
169	560	108	12
170	562	179	13
171	667	120	13
172	643	163	10
173	630	116	16
174	659	95	17
175	635	77	11
176	657	175	13
177	636	190	19
178	612	187	11
179	643	171	17
180	632	177	15
181	663	76	19
182	551	75	19
183	654	99	10
184	611	158	12
185	596	197	20
186	666	155	15
187	581	74	10
188	623	165	18
189	608	150	19
190	601	82	14
191	593	190	16
192	601	168	12
193	585	124	15
194	574	181	11
195	635	175	18
196	592	135	12
197	543	178	12
198	652	85	15
199	587	75	17
200	629	175	11
201	303	811	1000	6052	200
202	768	82	1000	6052	200
203	334	750	1000	6052	200
204	963	770	1000	6052	200
205	403	301	1000	6052	200
206	504	863	1000	6052	200
207	317	89	1000	6052	200
208	991	72	1000	6052	200
209	194	476	1000	6052	200
210	601	714	1000	6052	200
