200	20	150	100	0
0	0	0
1	949	622	14
2	273	211	13
3	369	635	16
4	233	233	13
5	103	9	18
6	109	383	10
7	885	331	11
8	244	653	11
9	157	157	15
10	99	83	13
11	628	593	19
12	738	359	13
13	372	397	13
14	965	149	19
15	386	511	16
16	439	265	19
17	383	766	16
18	535	836	19
19	169	751	20
20	199	597	11
21	723	855	19
22	619	579	14
23	792	400	10
24	628	678	13
25	879	793	16
26	718	830	15
27	935	364	14
28	644	205	14
29	992	93	14
30	788	460	17
31	84	898	16
32	76	31	15
33	51	460	20
34	101	726	17
35	563	101	11
36	538	454	15
37	745	777	13
38	102	811	14
39	703	535	14
40	883	887	17
41	714	993	11
42	359	506	11
43	256	363	19
44	288	582	11
45	264	55	13
46	267	786	11
47	108	226	16
48	667	452	20
49	208	576	11
50	13	840	11
51	225	325	14
52	891	470	17
53	193	281	10
54	934	311	17
55	929	414	16
56	983	321	10
57	917	302	20
58	959	314	15
59	958	324	12
60	984	388	12
61	931	349	19
62	915	330	12
63	994	332	12
64	999	322	11
65	956	340	14
66	956	383	15
67	999	382	13
68	992	404	10
69	956	410	14
70	999	330	15
71	999	381	15
72	999	317	14
73	999	408	18
74	999	361	15
75	999	357	10
76	906	373	16
77	940	401	15
78	993	325	13
79	923	364	13
80	973	411	16
81	899	337	14
82	922	314	18
83	896	319	12
84	929	305	20
85	954	404	19
86	630	62	12
87	718	40	16
88	640	19	10
89	609	70	11
90	704	140	16
91	621	24	11
92	742	134	17
93	689	100	20
94	612	74	10
95	721	62	18
96	631	123	20
97	738	24	17
98	679	27	20
99	701	96	13
100	676	102	10
101	720	118	11
102	701	85	17
103	657	43	17
104	674	60	15
105	705	56	17
106	623	84	16
107	734	83	15
108	651	97	10
109	683	76	10
110	612	46	14
111	671	115	20
112	632	93	20
113	620	110	13
114	705	108	17
115	617	80	13
116	724	108	19
117	707	147	19
118	160	987	19
119	103	943	16
120	141	874	11
121	133	895	19
122	78	940	17
123	112	965	17
124	132	962	13
125	64	893	10
126	156	948	13
127	96	954	11
128	182	958	17
129	131	957	20
130	55	901	18
131	149	908	20
132	139	876	15
133	54	966	15
134	99	962	13
135	153	877	12
136	159	919	19
137	184	964	18
138	152	980	12
139	151	943	10
140	165	908	11
141	83	987	12
142	164	979	19
143	129	901	14
144	672	557	11
145	668	560	15
146	778	641	13
147	717	529	18
148	747	628	11
149	715	649	13
150	696	643	16
151	671	616	15
152	742	622	15
153	784	603	12
154	731	538	16
155	705	638	18
156	683	622	11
157	785	642	16
158	663	570	19
159	717	584	18
160	762	519	14
161	748	646	12
162	784	630	19
163	782	619	10
164	703	533	16
165	667	536	14
166	760	561	11
167	747	586	15
168	669	578	18
169	775	624	11
170	692	586	20
171	66	496	16
172	89	506	20
173	80	486	13
174	85	499	13
175	18	472	14
176	122	558	12
177	139	534	17
178	61	458	12
179	35	521	11
180	86	498	11
181	97	536	14
182	101	536	13
183	98	488	11
184	33	502	17
185	49	449	13
186	89	466	16
187	42	548	13
188	118	452	12
189	12	458	13
190	57	558	13
191	68	456	14
192	79	528	11
193	25	471	16
194	16	502	17
195	121	476	17
196	101	463	11
197	106	576	20
198	117	508	10
199	81	554	15
200	111	577	18
201	89	865	1000	5864	200
202	745	791	1000	5864	200
203	164	801	1000	5864	200
204	359	324	1000	5864	200
205	679	2	1000	5864	200
206	355	624	1000	5864	200
207	728	38	1000	5864	200
208	521	674	1000	5864	200
209	976	671	1000	5864	200
210	409	580	1000	5864	200
211	843	884	1000	5864	200
212	89	885	1000	5864	200
213	338	775	1000	5864	200
214	647	985	1000	5864	200
215	551	496	1000	5864	200
216	140	448	1000	5864	200
217	408	422	1000	5864	200
218	625	5	1000	5864	200
219	53	809	1000	5864	200
220	194	459	1000	5864	200
