150	10	150	100	0
0	19007.0	0
1	343	859	15
2	347	655	20
3	735	545	20
4	156	20	11
5	474	188	12
6	75	700	20
7	787	214	13
8	960	86	13
9	280	825	10
10	738	400	20
11	560	366	12
12	931	517	10
13	772	854	12
14	362	158	12
15	488	363	18
16	329	769	15
17	232	21	19
18	635	172	13
19	452	150	13
20	561	557	18
21	805	370	10
22	946	904	20
23	494	761	11
24	465	199	12
25	488	223	17
26	939	376	16
27	265	431	13
28	484	498	10
29	629	931	16
30	534	600	20
31	341	431	12
32	645	482	16
33	6	381	15
34	308	943	14
35	186	716	16
36	311	561	18
37	762	742	11
38	213	776	15
39	743	422	18
40	478	83	13
41	665	14	13
42	209	911	20
43	43	584	15
44	780	662	18
45	372	274	11
46	403	243	10
47	488	408	11
48	282	235	15
49	612	86	17
50	219	44	16
51	786	951	17
52	8	788	19
53	416	131	18
54	432	696	10
55	966	467	10
56	588	768	16
57	925	115	13
58	870	927	14
59	693	259	16
60	985	630	15
61	105	580	20
62	966	446	10
63	995	783	16
64	442	932	13
65	678	756	12
66	231	812	18
67	932	831	10
68	208	614	16
69	434	312	15
70	777	996	16
71	77	284	13
72	707	267	19
73	725	327	10
74	273	218	10
75	900	630	12
76	61	627	12
77	500	67	10
78	929	199	19
79	570	598	13
80	876	308	11
81	1	202	15
82	171	346	11
83	416	142	17
84	729	188	18
85	208	559	12
86	185	353	17
87	156	839	14
88	897	827	13
89	142	742	18
90	251	197	14
91	214	974	11
92	149	270	17
93	480	528	17
94	195	674	12
95	7	562	11
96	885	304	19
97	119	673	18
98	846	578	11
99	508	854	13
100	345	330	15
101	1	294	16
102	843	775	18
103	589	969	16
104	96	461	15
105	286	69	11
106	422	447	11
107	193	189	19
108	290	934	16
109	122	285	10
110	891	610	13
111	583	674	20
112	928	953	19
113	445	786	18
114	81	101	13
115	688	141	13
116	629	986	18
117	784	558	12
118	962	589	13
119	826	940	19
120	571	905	18
121	782	73	14
122	245	960	19
123	62	921	20
124	343	842	11
125	519	168	17
126	665	59	17
127	162	377	11
128	423	649	11
129	364	534	19
130	706	75	15
131	850	474	15
132	99	169	18
133	768	27	15
134	84	792	17
135	342	613	15
136	223	843	17
137	939	339	12
138	844	960	20
139	932	828	12
140	442	116	20
141	21	614	20
142	578	467	17
143	667	377	10
144	364	634	10
145	908	499	13
146	851	696	17
147	864	499	14
148	667	353	15
149	5	152	12
150	12	618	17
151	196	972	1000	4438	150
152	615	834	1000	4438	150
153	888	971	1000	4438	150
154	414	663	1000	4438	150
155	543	555	1000	4438	150
156	272	935	1000	4438	150
157	354	347	1000	4438	150
158	713	750	1000	4438	150
159	1	191	1000	4438	150
160	874	853	1000	4438	150
