150	10	150	100	0
0	19651.2	0
1	468	838	15
2	657	234	20
3	325	774	16
4	439	282	13
5	211	253	12
6	604	322	13
7	162	394	12
8	251	136	11
9	433	21	19
10	700	718	11
11	902	13	10
12	810	334	17
13	849	166	19
14	194	404	14
15	524	269	14
16	193	216	18
17	415	913	18
18	432	864	16
19	481	839	10
20	866	936	20
21	665	18	17
22	975	408	14
23	457	281	16
24	979	191	14
25	782	182	14
26	745	876	12
27	305	235	14
28	704	757	10
29	648	217	15
30	613	318	18
31	281	866	16
32	926	368	16
33	526	734	16
34	316	860	19
35	695	748	16
36	468	756	19
37	283	296	16
38	393	39	20
39	668	595	12
40	364	466	14
41	393	128	13
42	574	527	20
43	123	596	10
44	562	872	17
45	242	130	11
46	18	57	12
47	783	394	11
48	213	714	13
49	962	469	19
50	29	532	15
51	87	499	14
52	824	571	17
53	885	188	17
54	88	762	19
55	776	869	10
56	749	881	14
57	395	466	19
58	370	768	20
59	92	631	17
60	242	205	19
61	862	1000	11
62	887	735	17
63	586	344	19
64	989	440	12
65	556	460	13
66	43	710	12
67	107	66	10
68	683	75	19
69	758	802	10
70	670	995	18
71	940	660	10
72	811	714	12
73	832	376	14
74	129	806	14
75	589	945	16
76	737	979	19
77	389	188	13
78	30	747	19
79	321	834	10
80	895	502	17
81	408	491	18
82	937	952	13
83	329	755	11
84	170	31	15
85	979	382	16
86	656	35	13
87	919	926	11
88	437	838	17
89	681	593	12
90	807	671	10
91	320	674	14
92	911	125	18
93	959	717	18
94	594	107	10
95	45	90	19
96	91	275	17
97	618	477	12
98	824	479	12
99	213	759	13
100	915	935	18
101	409	597	10
102	671	371	11
103	158	372	15
104	332	418	20
105	699	524	11
106	262	662	14
107	221	587	17
108	518	35	16
109	807	661	17
110	23	182	20
111	670	33	19
112	362	131	15
113	363	384	10
114	19	190	18
115	642	792	17
116	352	909	17
117	715	85	10
118	31	935	19
119	429	190	20
120	656	854	10
121	342	565	18
122	504	880	19
123	145	576	15
124	61	559	15
125	188	119	13
126	653	253	19
127	594	25	18
128	670	153	14
129	159	540	12
130	847	790	11
131	976	692	17
132	3	564	16
133	326	68	14
134	282	57	15
135	800	222	18
136	700	783	17
137	449	463	18
138	672	583	17
139	626	210	10
140	990	652	19
141	24	298	14
142	701	944	16
143	432	840	12
144	122	357	12
145	969	55	14
146	274	317	18
147	103	54	12
148	62	849	19
149	265	397	12
150	828	525	18
151	485	560	1000	4506	150
152	410	884	1000	4506	150
153	983	151	1000	4506	150
154	919	947	1000	4506	150
155	30	822	1000	4506	150
156	164	777	1000	4506	150
157	999	843	1000	4506	150
158	782	120	1000	4506	150
159	964	923	1000	4506	150
160	856	684	1000	4506	150
