150	20	150	100	0
0	0	0
1	406	848	20
2	2	444	15
3	530	660	18
4	798	651	12
5	843	720	12
6	339	11	11
7	475	304	18
8	105	611	18
9	857	923	20
10	719	59	10
11	231	689	11
12	370	926	19
13	310	510	10
14	278	281	13
15	6	316	10
16	761	493	17
17	324	467	13
18	534	518	20
19	967	494	11
20	713	747	13
21	235	694	19
22	461	156	17
23	976	521	19
24	722	695	13
25	635	202	15
26	342	626	19
27	285	833	14
28	594	128	10
29	639	74	10
30	574	459	14
31	811	649	19
32	285	925	10
33	266	557	16
34	812	902	17
35	941	732	11
36	889	159	19
37	522	19	19
38	303	907	12
39	205	9	20
40	921	275	19
41	529	571	13
42	892	719	15
43	83	590	13
44	171	267	12
45	807	702	11
46	210	150	11
47	636	401	17
48	748	475	20
49	287	277	13
50	124	788	15
51	436	725	15
52	416	179	13
53	150	660	12
54	760	229	20
55	371	168	10
56	669	824	15
57	660	791	16
58	120	848	17
59	893	945	11
60	613	417	12
61	483	290	10
62	927	591	19
63	290	63	12
64	215	186	13
65	617	108	13
66	137	761	20
67	520	448	10
68	446	844	18
69	96	557	12
70	723	996	17
71	9	972	11
72	759	990	16
73	778	351	12
74	701	12	18
75	745	788	19
76	399	303	10
77	945	627	17
78	480	473	19
79	945	716	11
80	386	405	20
81	705	846	11
82	554	149	17
83	373	448	19
84	449	610	11
85	594	971	14
86	421	194	15
87	537	382	18
88	667	332	15
89	411	168	20
90	529	434	18
91	267	824	13
92	530	697	12
93	219	122	17
94	395	391	16
95	526	826	15
96	988	290	18
97	869	575	20
98	835	28	12
99	361	806	13
100	630	133	16
101	705	945	13
102	757	573	14
103	374	671	10
104	214	940	12
105	492	296	11
106	342	555	18
107	207	388	12
108	904	484	16
109	464	973	14
110	957	396	17
111	627	353	14
112	145	542	17
113	404	585	14
114	50	146	10
115	665	967	20
116	491	948	12
117	249	821	11
118	997	262	11
119	628	565	14
120	613	380	20
121	62	819	10
122	375	920	19
123	104	249	12
124	702	200	13
125	853	144	20
126	159	656	18
127	878	701	15
128	46	401	18
129	761	537	15
130	277	933	13
131	913	583	16
132	551	366	17
133	47	548	20
134	683	924	16
135	71	917	16
136	461	313	17
137	194	401	20
138	758	771	19
139	779	519	16
140	216	384	19
141	22	956	17
142	139	206	11
143	50	108	16
144	243	495	11
145	939	277	19
146	63	7	17
147	483	276	13
148	864	601	12
149	635	274	12
150	420	71	12
151	840	266	1000	4480	150
152	513	859	1000	4480	150
153	436	561	1000	4480	150
154	667	305	1000	4480	150
155	287	188	1000	4480	150
156	218	856	1000	4480	150
157	677	595	1000	4480	150
158	247	435	1000	4480	150
159	482	57	1000	4480	150
160	865	769	1000	4480	150
161	150	646	1000	4480	150
162	698	240	1000	4480	150
163	716	379	1000	4480	150
164	874	710	1000	4480	150
165	19	160	1000	4480	150
166	751	315	1000	4480	150
167	628	634	1000	4480	150
168	926	327	1000	4480	150
169	338	765	1000	4480	150
170	350	492	1000	4480	150
