150	20	150	100	0
0	0	0
1	531	827	10
2	313	23	14
3	120	889	13
4	80	913	14
5	579	785	12
6	869	633	16
7	850	484	17
8	396	661	16
9	9	119	18
10	680	378	11
11	573	336	10
12	249	743	15
13	388	822	16
14	110	527	15
15	41	222	17
16	625	940	20
17	506	359	13
18	331	210	12
19	996	183	19
20	18	125	16
21	95	341	15
22	490	660	11
23	938	41	14
24	235	687	15
25	929	161	12
26	148	126	15
27	324	638	14
28	814	387	10
29	658	360	19
30	653	177	11
31	750	83	12
32	566	812	10
33	785	910	17
34	821	819	11
35	450	764	11
36	46	353	20
37	43	574	13
38	483	170	17
39	130	182	14
40	807	657	10
41	258	684	13
42	256	336	14
43	163	602	18
44	953	476	10
45	677	557	11
46	826	964	13
47	930	387	16
48	678	954	18
49	637	660	15
50	934	276	15
51	738	273	12
52	232	963	10
53	619	716	11
54	417	295	19
55	181	571	10
56	830	938	13
57	130	141	10
58	619	689	12
59	292	316	12
60	871	992	16
61	240	709	11
62	848	879	14
63	882	624	14
64	762	694	11
65	495	812	14
66	949	659	14
67	695	683	10
68	921	305	10
69	420	47	19
70	616	995	19
71	872	348	20
72	864	437	20
73	886	400	17
74	556	600	11
75	434	103	12
76	74	656	17
77	834	748	20
78	580	21	19
79	696	953	20
80	404	599	15
81	112	135	13
82	320	756	19
83	286	62	14
84	890	453	19
85	365	794	18
86	892	876	10
87	301	470	15
88	207	344	19
89	951	18	14
90	84	908	14
91	373	524	15
92	293	552	12
93	698	312	18
94	794	824	14
95	564	354	12
96	193	261	15
97	368	379	15
98	812	929	12
99	66	711	13
100	200	737	20
101	113	248	18
102	586	169	18
103	942	73	20
104	450	897	18
105	905	751	12
106	182	769	20
107	236	786	10
108	132	585	16
109	149	349	10
110	89	967	13
111	713	712	14
112	579	720	13
113	322	183	18
114	988	235	15
115	619	617	14
116	214	871	10
117	180	349	10
118	65	608	16
119	231	816	15
120	698	329	12
121	622	311	14
122	633	840	19
123	187	904	18
124	419	918	17
125	523	94	16
126	147	850	20
127	310	350	11
128	294	904	20
129	556	542	19
130	418	648	10
131	39	801	19
132	454	762	16
133	605	589	19
134	880	190	14
135	529	527	19
136	939	253	17
137	703	525	15
138	587	395	15
139	473	901	14
140	763	920	18
141	25	640	11
142	262	682	20
143	815	571	18
144	1	219	14
145	999	833	10
146	485	628	19
147	722	832	11
148	259	98	16
149	895	519	12
150	237	978	13
151	129	854	1000	4414	150
152	308	909	1000	4414	150
153	530	742	1000	4414	150
154	172	588	1000	4414	150
155	774	456	1000	4414	150
156	110	698	1000	4414	150
157	322	91	1000	4414	150
158	316	806	1000	4414	150
159	446	790	1000	4414	150
160	846	599	1000	4414	150
161	102	839	1000	4414	150
162	828	514	1000	4414	150
163	194	466	1000	4414	150
164	305	222	1000	4414	150
165	642	768	1000	4414	150
166	993	428	1000	4414	150
167	818	204	1000	4414	150
168	639	235	1000	4414	150
169	557	836	1000	4414	150
170	261	422	1000	4414	150
