150	10	150	100	0
0	14433.3	0
1	812	915	12
2	3	721	20
3	544	948	13
4	318	134	14
5	944	538	16
6	574	541	20
7	186	586	11
8	217	661	18
9	37	244	19
10	659	688	18
11	151	926	12
12	478	25	13
13	650	559	19
14	174	57	11
15	663	597	16
16	805	230	11
17	556	511	18
18	528	171	15
19	315	525	10
20	665	4	13
21	913	419	16
22	801	492	20
23	183	77	15
24	119	524	18
25	61	624	14
26	57	580	16
27	141	584	20
28	61	502	11
29	106	500	14
30	98	472	17
31	69	520	16
32	189	500	13
33	189	572	20
34	219	603	15
35	202	563	15
36	107	567	11
37	187	507	14
38	201	485	11
39	96	627	11
40	79	499	11
41	160	524	14
42	68	484	11
43	225	574	15
44	205	478	16
45	120	489	18
46	88	518	10
47	202	610	12
48	58	532	13
49	62	575	15
50	116	525	18
51	97	593	12
52	198	566	12
53	101	622	12
54	227	614	10
55	196	615	10
56	160	549	14
57	55	551	16
58	189	571	10
59	127	604	12
60	58	495	16
61	211	557	10
62	219	539	18
63	183	818	16
64	130	796	19
65	171	783	18
66	129	866	20
67	250	908	15
68	84	927	16
69	106	932	19
70	151	939	18
71	146	817	13
72	123	840	20
73	135	817	15
74	131	791	17
75	129	781	12
76	90	927	20
77	198	910	19
78	213	891	19
79	175	811	11
80	142	875	16
81	229	899	17
82	114	791	17
83	202	887	18
84	80	938	18
85	225	807	19
86	155	832	16
87	103	843	14
88	143	886	17
89	248	845	12
90	235	941	13
91	172	783	10
92	185	820	15
93	121	789	15
94	126	908	14
95	144	928	15
96	193	853	12
97	171	910	16
98	234	855	14
99	246	895	16
100	212	867	14
101	143	788	17
102	247	787	19
103	230	812	11
104	249	898	14
105	102	854	12
106	80	200	10
107	18	206	15
108	3	117	20
109	120	234	14
110	0	172	10
111	26	82	13
112	94	180	10
113	56	86	19
114	0	74	11
115	26	197	19
116	89	225	19
117	0	201	10
118	88	108	15
119	0	203	16
120	0	217	16
121	0	179	19
122	27	73	20
123	67	228	15
124	63	234	13
125	44	240	13
126	37	86	20
127	107	226	17
128	116	222	12
129	0	152	14
130	6	113	18
131	94	99	18
132	75	234	19
133	52	155	14
134	0	124	14
135	52	162	15
136	0	73	16
137	120	211	20
138	23	103	10
139	2	221	12
140	0	74	13
141	56	189	19
142	112	128	18
143	55	148	11
144	10	160	12
145	61	180	20
146	24	159	10
147	109	86	13
148	33	104	14
149	86	96	12
150	113	178	15
151	90	56	1000	4484	150
152	619	644	1000	4484	150
153	339	850	1000	4484	150
154	491	927	1000	4484	150
155	656	837	1000	4484	150
156	514	78	1000	4484	150
157	435	394	1000	4484	150
158	152	933	1000	4484	150
159	9	20	1000	4484	150
160	477	953	1000	4484	150
