150	20	150	100	0
0	0	0
1	601	710	13
2	118	362	20
3	176	316	11
4	850	398	12
5	255	226	17
6	664	686	12
7	711	162	12
8	315	642	12
9	696	915	16
10	983	128	17
11	560	465	18
12	134	941	11
13	773	76	16
14	127	488	19
15	387	689	17
16	251	129	20
17	902	26	11
18	872	324	15
19	504	955	10
20	989	519	17
21	165	900	20
22	561	749	16
23	680	224	10
24	120	954	19
25	627	364	17
26	442	34	10
27	646	677	10
28	715	765	19
29	649	792	11
30	680	698	20
31	605	789	11
32	687	811	13
33	697	680	14
34	654	743	12
35	582	760	20
36	635	655	11
37	621	765	14
38	566	816	16
39	698	753	16
40	724	687	18
41	666	772	14
42	678	740	20
43	631	721	19
44	694	684	10
45	624	751	17
46	635	816	10
47	567	774	12
48	692	652	16
49	702	653	19
50	689	660	14
51	693	658	19
52	622	817	13
53	728	817	10
54	569	749	17
55	645	666	20
56	651	765	15
57	679	667	18
58	658	818	11
59	582	778	14
60	589	727	14
61	591	699	11
62	595	710	17
63	649	777	13
64	656	796	10
65	718	714	14
66	692	774	16
67	653	733	13
68	999	817	12
69	999	821	19
70	985	720	17
71	940	670	10
72	980	779	16
73	909	774	10
74	999	767	20
75	999	726	15
76	941	722	12
77	999	739	17
78	981	664	12
79	971	683	13
80	999	706	19
81	959	672	10
82	999	712	18
83	999	660	13
84	999	778	18
85	969	734	13
86	999	760	10
87	974	732	13
88	946	658	20
89	978	679	12
90	995	682	12
91	952	753	12
92	999	718	12
93	948	799	11
94	939	786	19
95	999	782	12
96	999	782	12
97	967	739	12
98	999	721	19
99	999	737	16
100	990	768	17
101	999	704	10
102	943	653	13
103	999	695	20
104	940	711	10
105	999	793	20
106	999	687	18
107	999	787	20
108	920	651	19
109	999	690	11
110	999	809	16
111	284	648	14
112	375	505	17
113	389	509	19
114	403	631	14
115	249	622	10
116	285	518	12
117	376	641	11
118	369	533	19
119	334	510	12
120	347	519	13
121	245	509	17
122	245	614	10
123	410	580	15
124	308	547	18
125	332	583	12
126	300	515	10
127	241	548	18
128	265	514	10
129	346	500	12
130	316	657	12
131	261	558	18
132	271	523	16
133	350	558	18
134	241	515	20
135	286	540	16
136	316	491	11
137	293	553	10
138	265	587	20
139	243	617	19
140	401	496	13
141	305	643	14
142	281	653	14
143	304	599	14
144	340	513	11
145	370	495	20
146	391	493	16
147	307	638	20
148	336	519	17
149	238	594	19
150	297	577	12
151	723	2	1000	4424	150
152	540	967	1000	4424	150
153	587	385	1000	4424	150
154	176	409	1000	4424	150
155	522	828	1000	4424	150
156	429	54	1000	4424	150
157	31	959	1000	4424	150
158	789	672	1000	4424	150
159	552	735	1000	4424	150
160	733	265	1000	4424	150
161	376	235	1000	4424	150
162	540	8	1000	4424	150
163	774	353	1000	4424	150
164	142	776	1000	4424	150
165	907	171	1000	4424	150
166	352	947	1000	4424	150
167	136	556	1000	4424	150
168	583	605	1000	4424	150
169	616	5	1000	4424	150
170	169	840	1000	4424	150
