150	10	150	100	0
0	0	0
1	344	420	14
2	444	538	19
3	370	534	10
4	402	577	10
5	435	563	18
6	345	547	15
7	376	527	14
8	366	520	17
9	357	517	12
10	472	420	15
11	441	567	14
12	459	522	19
13	318	578	13
14	323	554	16
15	425	424	18
16	347	513	19
17	342	501	14
18	424	486	15
19	358	425	10
20	376	485	11
21	360	420	14
22	335	483	13
23	321	481	15
24	456	485	20
25	450	444	20
26	352	538	16
27	441	552	11
28	435	447	16
29	431	503	19
30	328	517	11
31	380	477	18
32	424	542	13
33	445	554	19
34	329	475	20
35	374	549	13
36	402	509	11
37	467	442	15
38	344	566	11
39	365	471	20
40	436	468	13
41	412	441	14
42	354	589	19
43	450	462	13
44	423	483	16
45	368	432	16
46	421	534	10
47	345	531	11
48	392	538	18
49	407	498	11
50	328	561	20
51	356	488	16
52	459	487	14
53	607	43	18
54	617	49	12
55	666	139	19
56	653	116	16
57	649	50	10
58	733	112	11
59	642	119	15
60	668	0	11
61	667	39	12
62	738	101	15
63	676	65	10
64	680	95	12
65	761	56	11
66	724	64	13
67	760	101	11
68	659	0	19
69	693	0	18
70	670	131	15
71	758	153	19
72	688	1	12
73	706	14	17
74	662	25	12
75	734	128	19
76	641	147	14
77	742	24	14
78	600	67	16
79	617	12	15
80	758	0	10
81	712	76	14
82	593	89	19
83	657	63	19
84	605	75	18
85	737	117	17
86	639	144	14
87	695	77	11
88	601	61	12
89	732	144	12
90	604	53	12
91	757	6	13
92	613	72	19
93	625	92	19
94	602	120	13
95	636	93	20
96	686	0	12
97	613	24	18
98	623	42	12
99	686	36	16
100	619	125	10
101	645	76	14
102	663	149	18
103	604	34	17
104	654	154	17
105	629	16	17
106	659	35	14
107	369	796	13
108	323	791	19
109	339	911	20
110	302	851	11
111	255	894	16
112	370	856	14
113	263	785	19
114	347	866	17
115	358	899	12
116	369	836	15
117	334	760	12
118	363	810	11
119	392	842	18
120	411	847	20
121	242	865	16
122	350	835	11
123	294	785	14
124	266	886	12
125	334	779	11
126	277	796	11
127	261	896	18
128	300	833	18
129	265	873	10
130	340	880	16
131	315	869	17
132	353	837	13
133	362	813	12
134	382	758	16
135	407	771	17
136	364	761	18
137	354	920	11
138	394	923	19
139	371	866	16
140	378	772	13
141	267	777	20
142	336	857	10
143	267	904	18
144	385	892	20
145	392	836	20
146	297	852	11
147	391	869	15
148	352	786	20
149	277	771	15
150	367	828	10
151	357	949	1000	4474	150
152	461	289	1000	4474	150
153	834	919	1000	4474	150
154	861	890	1000	4474	150
155	388	819	1000	4474	150
156	344	30	1000	4474	150
157	627	524	1000	4474	150
158	426	411	1000	4474	150
159	96	451	1000	4474	150
160	989	577	1000	4474	150
