150	20	150	100	0
0	0	0
1	153	326	15
2	169	223	18
3	252	375	19
4	245	318	18
5	239	383	19
6	225	269	18
7	182	318	16
8	96	259	11
9	202	215	19
10	159	308	14
11	170	348	10
12	96	233	17
13	99	275	10
14	238	365	14
15	118	375	20
16	196	224	17
17	190	323	17
18	246	355	16
19	204	309	10
20	209	363	16
21	107	259	18
22	210	304	20
23	107	346	20
24	115	284	20
25	136	258	11
26	250	335	10
27	255	355	11
28	200	323	13
29	258	236	16
30	194	357	14
31	200	359	13
32	207	295	12
33	237	277	13
34	222	229	18
35	212	360	18
36	214	384	12
37	185	314	16
38	167	338	16
39	251	385	14
40	192	270	20
41	202	304	13
42	248	286	17
43	140	224	17
44	196	304	10
45	156	308	15
46	251	272	10
47	167	310	10
48	137	273	10
49	157	364	14
50	586	597	15
51	517	609	12
52	508	497	14
53	471	483	16
54	589	578	19
55	507	486	18
56	453	537	16
57	467	601	12
58	538	590	11
59	522	482	17
60	572	619	20
61	566	514	14
62	481	570	14
63	522	479	17
64	469	622	14
65	482	482	18
66	448	540	20
67	615	574	20
68	460	483	15
69	500	488	18
70	529	517	14
71	577	611	17
72	570	544	19
73	505	577	13
74	614	606	15
75	463	505	12
76	516	547	16
77	614	631	12
78	566	618	20
79	611	490	18
80	493	605	12
81	467	628	17
82	519	615	10
83	484	614	14
84	554	520	18
85	506	476	11
86	567	505	18
87	591	572	10
88	603	612	14
89	488	584	13
90	562	573	12
91	562	582	15
92	514	575	16
93	478	534	15
94	613	603	18
95	569	553	17
96	533	529	12
97	607	631	14
98	591	513	17
99	428	153	16
100	416	120	14
101	390	143	18
102	310	44	13
103	376	95	15
104	412	83	13
105	293	54	14
106	295	147	11
107	350	71	18
108	289	21	18
109	341	143	17
110	347	84	17
111	434	107	17
112	400	0	10
113	345	28	19
114	328	69	20
115	330	143	15
116	315	122	19
117	327	19	12
118	393	54	15
119	312	141	14
120	336	142	17
121	448	14	14
122	316	23	13
123	387	130	13
124	433	18	17
125	371	115	20
126	289	44	13
127	317	38	18
128	371	118	15
129	392	41	20
130	400	70	20
131	404	148	17
132	298	118	10
133	409	35	17
134	387	142	12
135	390	142	19
136	447	0	13
137	277	81	12
138	385	53	19
139	362	83	12
140	391	14	13
141	439	50	14
142	426	28	17
143	439	2	10
144	291	65	19
145	277	144	10
146	412	5	17
147	338	68	11
148	403	20	12
149	351	89	11
150	299	47	18
151	991	895	1000	4544	150
152	382	612	1000	4544	150
153	82	453	1000	4544	150
154	546	372	1000	4544	150
155	254	809	1000	4544	150
156	259	5	1000	4544	150
157	224	90	1000	4544	150
158	63	150	1000	4544	150
159	639	166	1000	4544	150
160	245	888	1000	4544	150
161	984	476	1000	4544	150
162	653	198	1000	4544	150
163	344	67	1000	4544	150
164	49	995	1000	4544	150
165	978	82	1000	4544	150
166	282	266	1000	4544	150
167	503	562	1000	4544	150
168	943	320	1000	4544	150
169	575	709	1000	4544	150
170	701	958	1000	4544	150
