150	10	150	100	0
0	0	0
1	667	523	17
2	692	598	16
3	732	591	10
4	638	557	18
5	668	507	10
6	731	574	20
7	756	538	14
8	703	545	12
9	704	523	20
10	678	571	16
11	675	591	13
12	743	588	16
13	624	521	19
14	687	585	11
15	708	582	10
16	703	513	12
17	684	516	18
18	704	514	20
19	680	542	10
20	672	506	12
21	645	630	19
22	625	631	10
23	741	563	16
24	684	580	18
25	729	599	12
26	671	626	13
27	649	507	19
28	704	508	14
29	746	582	13
30	642	548	11
31	694	600	19
32	740	514	18
33	535	312	13
34	478	346	12
35	505	418	12
36	600	338	17
37	544	301	20
38	599	357	17
39	552	389	15
40	561	394	18
41	540	361	19
42	508	426	11
43	511	422	11
44	550	345	12
45	466	333	17
46	531	336	10
47	559	309	18
48	560	399	20
49	521	393	18
50	469	299	10
51	530	350	15
52	511	334	14
53	582	346	18
54	484	389	10
55	482	333	10
56	533	416	18
57	557	373	10
58	585	425	13
59	544	320	13
60	529	306	12
61	252	333	16
62	211	303	10
63	334	232	13
64	314	257	19
65	344	277	17
66	233	255	14
67	278	260	20
68	287	298	19
69	232	271	14
70	239	283	19
71	263	351	17
72	301	283	11
73	337	268	13
74	316	355	12
75	248	230	20
76	298	225	18
77	262	356	16
78	239	350	11
79	265	233	20
80	302	297	13
81	313	355	12
82	248	305	19
83	330	337	17
84	345	228	14
85	287	324	19
86	274	354	17
87	284	342	20
88	275	250	13
89	324	251	16
90	238	347	12
91	232	307	10
92	304	323	16
93	64	0	20
94	61	0	13
95	122	98	11
96	115	24	10
97	145	3	19
98	47	13	19
99	59	49	10
100	83	11	18
101	38	24	15
102	72	39	15
103	35	40	12
104	76	0	18
105	76	0	20
106	127	0	16
107	118	69	12
108	87	27	20
109	66	0	17
110	95	25	16
111	39	7	18
112	56	79	19
113	39	99	15
114	101	44	11
115	85	38	15
116	89	30	12
117	40	91	20
118	71	82	20
119	137	47	12
120	17	9	10
121	109	502	15
122	94	577	16
123	167	574	12
124	151	557	14
125	207	624	10
126	89	546	17
127	177	516	20
128	185	497	16
129	83	518	10
130	192	558	13
131	171	513	19
132	112	520	20
133	115	621	10
134	186	500	20
135	115	578	19
136	190	533	18
137	129	505	11
138	98	575	16
139	187	594	19
140	211	506	10
141	90	620	16
142	122	625	18
143	169	575	19
144	116	517	18
145	95	576	10
146	80	570	20
147	186	495	10
148	193	515	18
149	116	577	20
150	104	530	14
151	269	313	1000	4554	150
152	13	823	1000	4554	150
153	397	839	1000	4554	150
154	821	983	1000	4554	150
155	199	638	1000	4554	150
156	910	824	1000	4554	150
157	585	947	1000	4554	150
158	177	744	1000	4554	150
159	552	571	1000	4554	150
160	984	391	1000	4554	150
