150	10	150	100	0
0	0	0
1	461	286	18
2	69	422	11
3	447	193	10
4	189	290	16
5	934	122	10
6	285	891	16
7	610	583	10
8	674	928	20
9	953	445	12
10	786	81	16
11	101	688	15
12	141	629	10
13	986	784	14
14	558	962	16
15	589	826	12
16	940	571	11
17	905	782	13
18	73	245	17
19	960	62	19
20	921	343	12
21	842	519	19
22	168	665	15
23	59	162	12
24	377	423	12
25	649	364	17
26	534	706	11
27	75	850	18
28	474	99	16
29	169	768	13
30	66	63	16
31	42	47	10
32	73	143	15
33	6	130	15
34	89	142	10
35	71	76	20
36	0	20	13
37	42	94	17
38	23	106	10
39	11	66	19
40	45	139	15
41	27	131	13
42	53	133	14
43	27	106	17
44	7	18	17
45	0	18	14
46	43	79	11
47	94	150	19
48	0	53	17
49	84	56	15
50	8	25	13
51	89	44	14
52	0	48	16
53	0	125	15
54	29	133	17
55	0	56	18
56	803	0	11
57	713	33	18
58	759	0	13
59	682	30	14
60	808	0	15
61	755	10	19
62	733	31	18
63	782	0	16
64	740	44	18
65	715	0	10
66	812	17	13
67	784	0	20
68	686	0	14
69	748	39	10
70	755	34	11
71	798	48	20
72	683	0	19
73	752	0	16
74	731	23	11
75	752	74	20
76	690	31	17
77	727	0	13
78	782	0	12
79	758	12	17
80	754	0	13
81	824	296	12
82	817	318	12
83	909	259	14
84	897	286	12
85	843	339	20
86	859	254	10
87	895	327	16
88	830	248	18
89	924	334	11
90	829	277	18
91	868	316	13
92	905	317	20
93	873	254	11
94	826	349	19
95	883	238	12
96	844	358	18
97	924	338	15
98	846	274	12
99	910	260	19
100	850	348	17
101	910	289	19
102	925	357	12
103	820	322	17
104	894	248	11
105	172	833	13
106	210	835	19
107	202	833	10
108	200	797	13
109	241	798	12
110	237	887	14
111	205	768	13
112	116	803	10
113	197	818	19
114	183	794	14
115	206	792	18
116	241	848	13
117	223	885	18
118	241	821	13
119	200	838	16
120	185	802	18
121	236	813	10
122	157	861	18
123	211	765	20
124	136	883	19
125	225	789	13
126	117	783	18
127	192	896	19
128	223	787	13
129	172	860	20
130	158	850	13
131	146	770	13
132	332	99	18
133	312	55	10
134	352	22	12
135	378	74	17
136	306	112	14
137	378	35	18
138	327	8	15
139	299	39	16
140	314	80	19
141	395	30	13
142	392	20	20
143	369	4	13
144	353	29	20
145	353	100	12
146	367	81	19
147	408	10	11
148	377	88	18
149	349	38	11
150	366	74	20
151	820	655	1000	4484	150
152	700	889	1000	4484	150
153	183	882	1000	4484	150
154	501	200	1000	4484	150
155	788	597	1000	4484	150
156	709	793	1000	4484	150
157	629	924	1000	4484	150
158	3	605	1000	4484	150
159	514	37	1000	4484	150
160	247	425	1000	4484	150
