150	20	150	100	0
0	0	0
1	576	927	16
2	700	790	19
3	980	458	11
4	500	978	14
5	24	267	13
6	810	467	16
7	708	564	10
8	333	599	14
9	276	885	16
10	195	619	13
11	757	604	20
12	264	147	11
13	938	216	17
14	282	54	10
15	35	725	13
16	286	86	19
17	250	934	11
18	262	675	19
19	284	577	15
20	173	824	12
21	602	775	13
22	664	813	12
23	38	565	17
24	627	442	12
25	51	474	18
26	126	768	16
27	142	725	12
28	149	703	11
29	160	694	13
30	227	762	14
31	173	779	15
32	212	718	20
33	222	729	14
34	129	651	11
35	226	770	20
36	191	710	16
37	205	708	20
38	100	695	16
39	122	702	16
40	183	688	16
41	111	687	11
42	113	738	10
43	151	757	16
44	143	711	17
45	149	740	16
46	205	697	11
47	196	734	20
48	220	739	15
49	139	652	16
50	216	700	11
51	163	730	10
52	201	690	18
53	154	115	11
54	183	136	13
55	222	118	17
56	255	132	18
57	225	138	18
58	166	104	11
59	155	67	12
60	250	102	11
61	173	80	15
62	177	96	10
63	218	102	20
64	195	89	20
65	259	112	18
66	189	74	17
67	230	78	11
68	199	66	17
69	174	117	13
70	132	64	12
71	221	117	15
72	140	168	19
73	215	177	20
74	214	112	15
75	150	95	18
76	126	133	20
77	203	53	13
78	967	238	12
79	871	188	18
80	959	227	10
81	934	258	20
82	886	224	17
83	912	248	11
84	880	240	12
85	919	225	16
86	851	165	14
87	954	280	16
88	852	238	10
89	961	256	15
90	859	263	12
91	942	247	11
92	920	171	17
93	893	269	19
94	910	192	15
95	857	157	17
96	964	234	17
97	874	169	12
98	939	166	18
99	477	364	20
100	464	282	14
101	409	319	19
102	437	385	16
103	451	372	19
104	379	264	14
105	476	362	14
106	412	319	12
107	421	306	16
108	431	385	10
109	470	291	11
110	432	260	15
111	421	382	12
112	369	295	15
113	451	309	18
114	426	313	15
115	462	331	18
116	354	326	10
117	472	269	16
118	403	335	18
119	385	259	16
120	401	380	15
121	420	367	15
122	451	310	14
123	406	276	10
124	777	527	15
125	692	456	14
126	655	437	17
127	765	416	16
128	681	480	13
129	651	460	15
130	716	411	20
131	737	491	16
132	660	421	17
133	774	443	10
134	697	430	18
135	712	507	13
136	711	465	17
137	712	466	14
138	724	497	12
139	679	498	12
140	738	419	18
141	689	538	12
142	767	422	12
143	761	471	16
144	770	419	15
145	726	497	20
146	707	458	13
147	650	452	20
148	761	421	18
149	665	426	10
150	677	454	20
151	416	220	1000	4480	150
152	338	628	1000	4480	150
153	726	597	1000	4480	150
154	757	512	1000	4480	150
155	593	718	1000	4480	150
156	765	388	1000	4480	150
157	914	781	1000	4480	150
158	956	215	1000	4480	150
159	49	992	1000	4480	150
160	212	584	1000	4480	150
161	869	568	1000	4480	150
162	304	34	1000	4480	150
163	533	412	1000	4480	150
164	232	75	1000	4480	150
165	885	130	1000	4480	150
166	73	307	1000	4480	150
167	741	15	1000	4480	150
168	370	895	1000	4480	150
169	420	34	1000	4480	150
170	554	5	1000	4480	150
