150	20	150	100	0
0	0	0
1	805	210	11
2	962	527	10
3	0	968	15
4	5	995	19
5	93	999	15
6	99	991	20
7	65	999	10
8	101	999	14
9	0	999	13
10	0	978	11
11	46	945	20
12	91	931	17
13	75	952	10
14	102	990	12
15	109	936	14
16	103	952	17
17	63	992	20
18	102	999	13
19	68	999	11
20	0	959	10
21	66	934	14
22	111	970	13
23	0	985	16
24	92	999	13
25	34	999	16
26	45	999	12
27	0	988	13
28	801	738	17
29	796	737	15
30	819	687	12
31	873	713	20
32	770	639	16
33	859	649	10
34	783	733	14
35	871	669	12
36	778	645	11
37	771	718	13
38	860	687	19
39	840	633	12
40	795	643	11
41	884	660	18
42	782	637	10
43	798	676	16
44	870	627	18
45	779	646	20
46	783	749	17
47	816	689	17
48	766	688	12
49	879	628	14
50	828	678	19
51	777	686	10
52	806	624	11
53	826	705	13
54	760	741	10
55	861	743	19
56	792	658	19
57	805	693	15
58	757	655	11
59	869	749	15
60	851	623	17
61	597	184	13
62	646	241	10
63	583	226	18
64	565	156	20
65	696	174	19
66	677	168	14
67	593	173	17
68	643	262	16
69	691	156	17
70	612	235	14
71	572	183	14
72	594	262	14
73	592	224	16
74	684	195	10
75	613	230	20
76	602	182	15
77	588	257	15
78	633	218	19
79	674	191	19
80	575	235	13
81	644	178	16
82	673	180	14
83	615	145	13
84	620	172	12
85	671	237	10
86	607	177	15
87	694	213	13
88	572	183	16
89	638	227	17
90	626	132	13
91	583	179	18
92	597	773	12
93	569	718	17
94	546	754	18
95	587	775	12
96	600	683	12
97	617	707	18
98	623	729	20
99	602	727	13
100	609	701	19
101	576	660	15
102	658	773	16
103	640	737	18
104	560	662	19
105	545	696	12
106	584	787	17
107	603	753	18
108	605	712	11
109	555	668	12
110	601	775	10
111	587	700	16
112	659	741	19
113	635	659	19
114	542	770	14
115	563	744	18
116	595	724	18
117	596	693	11
118	631	681	14
119	646	667	16
120	609	659	18
121	999	317	18
122	952	350	16
123	944	291	13
124	967	227	15
125	922	331	15
126	977	308	20
127	910	267	13
128	999	332	16
129	878	318	13
130	879	339	16
131	996	251	16
132	934	346	15
133	885	223	19
134	926	319	14
135	955	336	16
136	933	223	13
137	891	251	12
138	883	242	15
139	892	309	11
140	883	331	19
141	888	344	15
142	943	286	12
143	957	236	17
144	915	291	17
145	886	230	15
146	917	274	17
147	973	337	10
148	976	293	19
149	890	350	10
150	905	340	16
151	287	298	1000	4474	150
152	718	772	1000	4474	150
153	919	909	1000	4474	150
154	609	351	1000	4474	150
155	612	106	1000	4474	150
156	813	28	1000	4474	150
157	268	135	1000	4474	150
158	201	959	1000	4474	150
159	878	578	1000	4474	150
160	484	495	1000	4474	150
161	864	434	1000	4474	150
162	120	902	1000	4474	150
163	142	903	1000	4474	150
164	235	574	1000	4474	150
165	664	748	1000	4474	150
166	492	115	1000	4474	150
167	764	193	1000	4474	150
168	274	430	1000	4474	150
169	368	468	1000	4474	150
170	718	861	1000	4474	150
